 12.6309 66.133 2.0 99.0 0 0 0 0 0 0 0 0 0 0
 13.022 63.6638 2.0 99.0 0 0 0 0 0 0 0 0 0 0
 13.0471 46.3988 2.0 108.0 0 1 0 0 1 0 0 0 0 0
 13.0471 46.3988 2.0 72.0 0 1 0 0 1 0 0 0 0 0
 13.0471 46.3988 2.0 81.0 0 1 0 0 1 0 0 0 0 0
 13.0471 46.3988 2.0 90.0 0 1 0 0 1 0 0 0 0 0
 13.0471 46.3988 2.0 99.0 0 1 0 0 1 0 0 0 0 0
 13.4131 61.1946 2.0 99.0 0 0 0 0 0 0 0 0 0 0
 13.8042 58.7253 2.0 99.0 0 0 0 0 0 0 0 0 0 0
 13.8197 44.0211 2.0 108.0 0 1 0 0 1 0 0 0 0 0
 14.1821 48.6263 2.0 63.0 0 1 0 0 1 0 0 0 0 0
 14.1953 56.2561 2.0 99.0 0 0 0 0 0 0 0 0 0 0
 14.5863 53.7869 2.0 99.0 0 0 0 0 0 0 0 0 0 0
 14.5922 41.6435 2.0 108.0 0 1 0 0 1 0 0 0 0 0
 14.9774 51.3177 2.0 99.0 0 0 0 0 0 0 0 0 0 0
 15.1001 66.5241 2.0 99.0 0 0 0 0 0 0 0 0 0 0
 15.1393 58.0422 2.0 108.0 0 1 0 0 0 0 0 0 1 0
 15.3171 50.8538 2.0 63.0 0 1 0 0 1 0 0 0 0 0
 15.3647 39.2658 2.0 108.0 0 1 0 0 1 0 0 0 0 0
 15.3685 48.8485 2.0 99.0 0 0 1 1 0 0 0 0 0 0
 15.7596 46.3792 2.0 99.0 0 0 1 1 0 0 0 0 0 0
 15.9119 55.6646 2.0 108.0 0 1 0 0 0 0 0 0 1 0
 15.9719 63.5701 2.0 108.0 0 1 0 0 0 0 0 0 1 0
 16.1373 36.8882 2.0 108.0 0 1 0 0 1 0 0 0 0 0
 16.1507 43.91 2.0 99.0 0 0 1 1 0 0 0 0 0 0
 16.452 53.0813 2.0 63.0 0 1 0 0 1 0 0 0 0 0
 16.4706 47.2838 2.0 90.0 0 1 0 0 1 0 0 0 0 0
 16.4706 47.2838 2.0 99.0 0 1 0 0 1 0 0 0 0 0
 16.5418 41.4408 2.0 99.0 0 0 1 1 0 0 0 0 0 0
 16.6844 53.287 2.0 108.0 0 0 0 0 0 0 0 0 0 1
 16.7444 61.1924 2.0 108.0 0 1 0 0 0 0 0 0 1 0
 16.8617 44.8146 2.0 99.0 0 1 0 0 1 0 0 0 0 0
 16.8617 49.753 2.0 81.0 0 1 0 0 1 0 0 0 0 0
 16.9098 34.5106 2.0 108.0 0 1 0 0 1 0 0 0 0 0
 16.9329 38.9716 2.0 99.0 0 0 1 1 0 0 0 0 0 0
 17.2528 42.3453 2.0 99.0 0 1 0 0 1 0 0 0 0 0
 17.2528 52.2222 2.0 81.0 0 1 0 0 1 0 0 0 0 0
 17.324 36.5024 2.0 99.0 0 0 1 1 0 0 0 0 0 0
 17.4569 50.9093 2.0 108.0 0 0 0 0 0 0 0 0 0 1
 17.517 58.8148 2.0 108.0 0 1 0 0 0 0 0 0 1 0
 17.5694 66.9152 2.0 99.0 0 0 0 0 0 0 0 0 0 0
 17.587 55.3088 2.0 63.0 0 1 0 0 1 0 0 0 0 0
 17.6439 39.8761 2.0 99.0 0 1 0 0 1 0 0 0 0 0
 17.6439 54.6914 2.0 81.0 0 1 0 0 1 0 0 0 0 0
 17.6824 32.1329 2.0 108.0 0 1 0 0 1 0 0 0 0 0
 17.715 34.0332 2.0 99.0 0 0 1 1 0 0 0 0 0 0
 18.0349 37.4069 2.0 99.0 0 1 0 0 1 0 0 0 0 0
 18.0349 57.1607 2.0 36.0 0 1 0 0 1 0 0 0 0 0
 18.0349 57.1607 2.0 45.0 0 1 0 0 1 0 0 0 0 0
 18.0349 57.1607 2.0 54.0 0 1 0 0 1 0 0 0 0 0
 18.0349 57.1607 2.0 63.0 0 1 0 0 1 0 0 0 0 0
 18.0349 57.1607 2.0 72.0 0 1 0 0 1 0 0 0 0 0
 18.0349 57.1607 2.0 81.0 0 1 0 0 1 0 0 0 0 0
 18.1061 31.5639 2.0 99.0 0 0 1 1 0 0 0 0 0 0
 18.2295 48.5317 2.0 108.0 0 0 0 0 0 0 0 0 0 1
 18.3495 64.3426 2.0 108.0 0 1 0 0 0 0 0 0 1 0
 18.426 34.9377 2.0 99.0 0 1 0 0 1 0 0 0 0 0
 18.4549 29.7553 2.0 108.0 0 1 0 0 1 0 0 0 0 0
 18.4972 29.0947 2.0 99.0 0 0 1 1 0 0 0 0 0 0
 18.722 57.5363 2.0 63.0 0 1 0 0 1 0 0 0 0 0
 18.8171 32.4685 2.0 99.0 0 1 0 0 1 0 0 0 0 0
 18.8883 26.6255 2.0 99.0 0 0 1 1 0 0 0 0 0 0
 19.002 46.154 2.0 108.0 0 0 0 0 0 0 0 0 0 1
 19.2082 29.9992 2.0 99.0 0 1 0 0 1 0 0 0 0 0
 19.2275 27.3776 2.0 108.0 0 1 0 0 1 0 0 0 0 0
 19.2794 24.1563 2.0 99.0 0 0 1 1 0 0 0 0 0 0
 19.5993 27.53 2.0 99.0 0 1 0 0 1 0 0 0 0 0
 19.6705 21.687 2.0 99.0 0 0 1 1 0 0 0 0 0 0
 19.7746 43.7764 2.0 108.0 0 0 0 0 0 0 0 0 0 1
 19.857 59.7639 2.0 63.0 0 1 0 0 1 0 0 0 0 0
 19.9904 25.0608 2.0 99.0 0 0 1 1 0 0 0 0 0 0
 20.0 22.5 2.0 18.0 1 0 0 0 1 0 0 0 0 0
 20.0 22.5 2.0 27.0 1 0 0 0 1 0 0 0 0 0
 20.0 22.5 2.0 36.0 1 0 0 0 1 0 0 0 0 0
 20.0 22.5 2.0 45.0 1 0 0 0 1 0 0 0 0 0
 20.0 22.5 2.0 54.0 1 0 0 0 1 0 0 0 0 0
 20.0 22.5 2.0 63.0 1 0 0 0 1 0 0 0 0 0
 20.0 22.5 2.0 72.0 1 0 0 0 1 0 0 0 0 0
 20.0 22.5 2.0 81.0 1 0 0 0 1 0 0 0 0 0
 20.0 22.5 2.0 9.0 1 0 0 0 1 0 0 0 0 0
 20.0 25.0 2.0 117.0 0 1 0 0 1 0 0 0 0 0
 20.0 25.0 2.0 126.0 0 1 0 0 1 0 0 0 0 0
 20.0 25.0 2.0 135.0 0 1 0 0 1 0 0 0 0 0
 20.0 25.0 2.0 144.0 0 1 0 0 1 0 0 0 0 0
 20.0 25.0 2.0 153.0 0 0 1 1 0 0 0 0 0 0
 20.0 25.0 2.0 162.0 0 0 1 1 0 0 0 0 0 0
 20.0 25.0 2.0 171.0 0 0 1 1 0 0 0 0 0 0
 20.0 25.0 2.0 180.0 0 0 1 1 0 0 0 0 0 0
 20.0 25.0 2.0 90.0 1 0 0 0 1 0 0 0 0 0
 20.0 27.5 2.0 90.0 1 0 0 0 1 0 0 0 0 0
 20.0 30.0 2.0 90.0 1 0 0 0 1 0 0 0 0 0
 20.0 32.5 2.0 90.0 1 0 0 0 1 0 0 0 0 0
 20.0 35.0 2.0 90.0 1 0 0 0 1 0 0 0 0 0
 20.0 37.5 2.0 90.0 1 0 0 0 1 0 0 0 0 0
 20.0 40.0 2.0 90.0 1 0 0 0 1 0 0 0 0 0
 20.0 42.5 2.0 90.0 1 0 0 0 1 0 0 0 0 0
 20.0 45.0 2.0 90.0 1 0 0 0 1 0 0 0 0 0
 20.0 47.5 2.0 90.0 1 0 0 0 1 0 0 0 0 0
 20.0 50.0 2.0 90.0 0 0 1 0 0 0 0 1 0 0
 20.0 52.5 2.0 45.0 0 0 1 0 0 0 0 1 0 0
 20.0 52.5 2.0 54.0 0 0 1 0 0 0 0 1 0 0
 20.0 52.5 2.0 63.0 0 0 1 0 0 0 0 1 0 0
 20.0 52.5 2.0 72.0 0 0 1 0 0 0 0 1 0 0
 20.0 52.5 2.0 81.0 0 0 1 0 0 0 0 1 0 0
 20.0 52.5 2.0 90.0 0 0 1 0 0 0 0 1 0 0
 20.0386 67.3063 2.0 99.0 0 1 1 0 0 0 0 1 0 0
 20.0616 19.2178 2.0 99.0 0 0 1 1 0 0 0 0 0 0
 20.2625 58.2956 2.0 27.0 0 0 1 1 0 0 0 0 0 1
 20.3815 22.5916 2.0 99.0 0 0 1 1 0 0 0 0 0 0
 20.4297 64.837 2.0 99.0 0 1 1 0 0 0 0 1 0 0
 20.5471 41.3988 2.0 108.0 0 0 0 0 0 0 0 0 0 1
 20.7272 65.1152 2.0 108.0 0 0 1 0 0 0 0 1 0 0
 20.7725 20.1224 2.0 18.0 1 0 0 0 1 0 0 0 0 0
 20.7725 20.1224 2.0 27.0 1 0 0 0 1 0 0 0 0 0
 20.7725 20.1224 2.0 36.0 0 0 1 1 0 0 0 0 0 0
 20.7725 20.1224 2.0 45.0 0 0 1 1 0 0 0 0 0 0
 20.7725 20.1224 2.0 54.0 0 0 1 1 0 0 0 0 0 0
 20.7725 20.1224 2.0 63.0 0 0 1 1 0 0 0 0 0 0
 20.7725 20.1224 2.0 72.0 0 0 1 1 0 0 0 0 0 0
 20.7725 20.1224 2.0 81.0 0 0 1 1 0 0 0 0 0 0
 20.7725 20.1224 2.0 90.0 0 0 1 1 0 0 0 0 0 0
 20.8207 62.3678 2.0 99.0 0 1 1 0 0 0 0 1 0 0
 20.9919 61.9914 2.0 27.0 0 1 0 0 1 0 0 0 0 0
 20.9919 61.9914 2.0 36.0 0 1 0 0 1 0 0 0 0 0
 20.9919 61.9914 2.0 45.0 0 1 0 0 1 0 0 0 0 0
 20.9919 61.9914 2.0 54.0 0 1 0 0 1 0 0 0 0 0
 20.9919 61.9914 2.0 63.0 0 1 0 0 1 0 0 0 0 0
 21.3197 39.0211 2.0 108.0 0 0 0 0 0 0 0 0 0 1
 22.0225 53.9695 2.0 36.0 0 0 1 0 0 0 0 1 0 0
 22.0922 36.6435 2.0 108.0 0 0 0 0 0 0 0 0 0 1
 22.3776 20.7725 2.0 18.0 0 0 0 0 0 0 0 0 0 0
 22.49 59.4306 2.0 27.0 0 0 1 1 0 0 0 0 0 1
 22.5 25.0 2.0 0.0 0 0 1 0 0 0 0 0 0 0
 22.5 25.0 2.0 180.0 0 0 1 1 0 0 0 0 0 0
 22.5308 19.6089 2.0 99.0 0 0 1 1 0 0 0 0 0 0
 22.8647 34.2659 2.0 108.0 0 0 0 0 0 0 0 0 0 1
 23.1048 65.8877 2.0 108.0 0 0 1 0 0 0 0 1 0 0
 23.29 62.7589 2.0 99.0 0 1 1 0 0 0 0 1 0 0
 23.3696 62.7639 2.0 18.0 0 1 0 0 1 0 0 0 0 0
 23.6373 31.8882 2.0 108.0 0 0 0 0 0 0 0 0 0 1
 24.0451 55.4389 2.0 27.0 0 0 0 0 0 0 0 0 0 0
 24.0451 55.4389 2.0 36.0 0 0 0 0 0 0 0 0 0 0
 24.4098 29.5106 2.0 108.0 1 0 1 1 1 0 0 0 0 0
 24.7175 60.5656 2.0 27.0 0 0 1 1 0 0 0 0 0 1
 24.7553 21.5451 2.0 18.0 0 0 0 0 0 0 0 0 0 0
 25.0 20.0 2.0 0.0 1 0 0 0 1 0 0 0 0 0
 25.0 20.0 2.0 18.0 1 0 0 0 1 0 0 0 0 0
 25.0 20.0 2.0 27.0 1 0 0 0 1 0 0 0 0 0
 25.0 20.0 2.0 36.0 1 0 0 0 1 0 0 0 0 0
 25.0 20.0 2.0 45.0 1 0 0 0 1 0 0 0 0 0
 25.0 20.0 2.0 54.0 1 0 0 0 1 0 0 0 0 0
 25.0 20.0 2.0 63.0 1 0 0 0 1 0 0 0 0 0
 25.0 20.0 2.0 72.0 0 0 1 1 0 0 0 0 0 0
 25.0 20.0 2.0 81.0 0 0 1 1 0 0 0 0 0 0
 25.0 20.0 2.0 9.0 1 0 0 0 1 0 0 0 0 0
 25.0 20.0 2.0 90.0 0 0 1 1 0 0 0 0 0 0
 25.0 25.0 2.0 0.0 0 0 1 0 0 0 0 0 0 0
 25.0 25.0 2.0 180.0 0 0 1 1 0 0 0 0 0 0
 25.1824 27.1329 2.0 108.0 1 0 1 1 1 0 0 0 0 0
 25.4824 66.6602 2.0 108.0 0 0 1 0 0 0 0 1 0 0
 25.4824 66.6602 2.0 45.0 0 0 0 0 0 0 0 0 0 1
 25.4824 66.6602 2.0 54.0 0 0 1 0 0 0 0 1 0 0
 25.4824 66.6602 2.0 63.0 0 0 1 0 0 0 0 1 0 0
 25.4824 66.6602 2.0 72.0 0 0 1 0 0 0 0 1 0 0
 25.4824 66.6602 2.0 81.0 0 0 1 0 0 0 0 1 0 0
 25.4824 66.6602 2.0 90.0 0 0 1 0 0 0 0 1 0 0
 25.4824 66.6602 2.0 99.0 0 0 1 0 0 0 0 1 0 0
 25.7472 63.5365 2.0 18.0 0 0 1 1 0 0 0 0 0 0
 25.7592 63.15 2.0 99.0 0 1 1 0 0 0 0 1 0 0
 25.9549 24.7553 2.0 108.0 1 0 1 1 1 0 0 0 0 0
 26.4227 56.2115 2.0 18.0 0 0 0 0 0 0 0 0 0 0
 26.7275 22.3776 2.0 108.0 1 0 1 1 1 0 0 0 0 0
 26.945 61.7006 2.0 18.0 0 0 1 1 0 0 0 0 0 1
 26.945 61.7006 2.0 27.0 0 0 1 1 0 0 0 0 0 1
 26.9519 64.6377 2.0 36.0 0 0 0 0 0 0 0 0 0 1
 27.1329 22.3176 2.0 18.0 0 0 0 0 0 0 0 0 0 0
 27.1329 22.3176 2.0 27.0 0 0 0 0 0 0 0 0 0 0
 27.1329 22.3176 2.0 36.0 0 0 0 0 0 0 0 0 0 0
 27.1329 22.3176 2.0 45.0 0 0 0 0 0 0 0 0 0 0
 27.1329 22.3176 2.0 54.0 0 0 0 0 0 0 0 0 0 0
 27.1329 22.3176 2.0 63.0 0 0 0 0 0 0 0 0 0 0
 27.1329 22.3176 2.0 72.0 0 0 0 0 0 0 0 0 0 0
 27.1329 22.3176 2.0 81.0 0 0 0 0 0 0 0 0 0 0
 27.1329 24.8176 2.0 90.0 1 0 1 0 0 0 0 0 0 0
 27.1329 27.3176 2.0 90.0 1 0 1 0 0 0 0 0 0 0
 27.1329 29.8176 2.0 90.0 1 0 1 0 0 0 0 0 0 0
 27.1329 32.3176 2.0 90.0 1 0 1 0 0 0 0 0 0 0
 27.1329 34.8176 2.0 90.0 1 0 1 0 0 0 0 0 0 0
 27.1329 37.3176 2.0 90.0 1 0 1 0 0 0 0 0 0 0
 27.1329 39.8176 2.0 90.0 1 0 1 0 0 0 0 0 0 0
 27.1329 42.3176 2.0 90.0 1 0 1 0 0 0 0 0 0 0
 27.1329 44.8176 2.0 90.0 1 0 1 0 0 0 0 0 0 0
 27.1329 47.3176 2.0 90.0 1 0 1 0 0 0 0 0 0 0
 27.1329 49.8176 2.0 90.0 1 0 1 0 0 0 0 0 0 0
 27.1329 52.3176 2.0 90.0 1 0 1 0 0 0 0 0 0 0
 27.1329 54.8176 2.0 90.0 1 0 1 0 0 0 0 0 0 0
 27.1329 57.3176 2.0 90.0 0 0 0 0 0 0 0 0 0 0
 27.1329 59.8176 2.0 90.0 0 0 0 0 0 0 0 0 0 0
 27.1329 62.3176 2.0 90.0 0 0 0 0 0 0 0 0 0 0
 27.1329 64.8176 2.0 90.0 0 0 0 0 0 0 0 0 0 0
 27.1329 67.3176 2.0 18.0 1 0 1 0 0 0 0 1 0 1
 27.1329 67.3176 2.0 27.0 1 0 1 0 0 0 0 1 0 1
 27.1329 67.3176 2.0 36.0 1 0 1 0 0 0 0 1 0 1
 27.1329 67.3176 2.0 45.0 1 0 1 0 0 0 0 1 0 1
 27.1329 67.3176 2.0 54.0 1 0 1 0 0 0 0 1 0 1
 27.1329 67.3176 2.0 63.0 1 0 1 0 0 0 0 1 0 1
 27.1329 67.3176 2.0 72.0 1 0 1 0 0 0 0 1 0 1
 27.1329 67.3176 2.0 81.0 1 0 1 0 0 0 0 1 0 1
 27.1329 67.3176 2.0 90.0 0 0 0 0 0 0 0 0 0 0
 27.5 20.0 2.0 0.0 1 0 1 1 1 0 0 0 0 0
 27.5 20.0 2.0 18.0 1 0 1 1 1 0 0 0 0 0
 27.5 20.0 2.0 27.0 1 0 1 1 1 0 0 0 0 0
 27.5 20.0 2.0 36.0 1 0 1 1 1 0 0 0 0 0
 27.5 20.0 2.0 45.0 1 0 1 1 1 0 0 0 0 0
 27.5 20.0 2.0 54.0 1 0 1 1 1 0 0 0 0 0
 27.5 20.0 2.0 63.0 1 0 1 1 1 0 0 0 0 0
 27.5 20.0 2.0 72.0 1 0 1 1 1 0 0 0 0 0
 27.5 20.0 2.0 81.0 1 0 1 1 1 0 0 0 0 0
 27.5 20.0 2.0 9.0 1 0 1 1 1 0 0 0 0 0
 27.5 20.0 2.0 90.0 1 0 1 1 1 0 0 0 0 0
 27.5 20.0 2.0 99.0 1 0 1 1 1 0 0 0 0 0
 27.5 25.0 2.0 0.0 0 0 1 0 0 0 0 0 0 0
 27.5 25.0 2.0 180.0 0 0 1 1 0 0 0 0 0 0
 27.524 64.8484 2.0 9.0 1 0 1 0 0 0 0 1 0 1
 28.1249 64.309 2.0 18.0 0 0 1 1 0 0 0 0 0 0
 28.2284 63.5411 2.0 99.0 0 1 1 0 0 0 0 1 0 0
 28.4214 62.6152 2.0 36.0 0 0 0 0 0 0 0 0 0 1
 28.8004 56.984 2.0 18.0 0 0 0 0 0 0 0 0 0 0
 29.4142 62.0916 2.0 9.0 0 0 1 1 0 0 0 0 0 1
 29.9932 65.2395 2.0 9.0 1 0 1 0 0 0 0 1 0 1
 30.0 25.0 2.0 0.0 0 0 1 0 0 0 0 0 0 0
 30.0 25.0 2.0 180.0 0 1 1 0 1 0 1 0 0 0
 30.4439 64.0846 2.0 36.0 0 0 0 0 0 0 0 0 0 1
 30.5025 65.0815 2.0 18.0 0 0 1 1 0 0 0 0 0 0
 30.6976 63.9322 2.0 99.0 0 1 1 0 0 0 0 1 0 0
 31.2696 57.3751 2.0 9.0 0 0 0 0 0 0 0 0 0 0
 31.8834 62.4827 2.0 9.0 0 0 1 1 0 0 0 0 0 1
 32.4625 65.6306 2.0 9.0 1 0 1 0 0 0 0 1 0 1
 32.4664 65.5541 2.0 36.0 0 0 0 0 0 0 0 0 0 1
 32.5 25.0 2.0 0.0 0 0 1 0 0 0 0 0 0 0
 32.5 25.0 2.0 180.0 0 1 1 0 1 0 1 0 0 0
 32.8801 65.8541 2.0 18.0 0 0 1 1 0 0 0 0 0 0
 33.1669 64.3232 2.0 99.0 0 1 1 0 0 0 0 1 0 0
 33.7388 57.7662 2.0 9.0 0 0 0 0 0 0 0 0 0 0
 33.9359 63.5315 2.0 36.0 0 0 0 0 0 0 0 0 0 1
 34.3527 62.8738 2.0 9.0 0 0 1 1 0 0 0 0 0 1
 34.9317 66.0217 2.0 9.0 0 1 1 1 0 0 0 0 0 1
 35.0 25.0 2.0 0.0 0 0 1 0 0 0 0 0 0 0
 35.0 25.0 2.0 180.0 0 1 1 0 1 0 1 0 0 0
 35.3494 66.2452 2.0 9.0 0 0 1 1 0 0 0 0 0 0
 35.4054 61.509 2.0 36.0 0 0 0 0 0 0 0 0 0 1
 35.6361 64.7143 2.0 99.0 0 1 1 0 0 0 0 1 0 0
 36.208 58.1573 2.0 9.0 0 0 0 0 0 0 0 0 0 0
 36.8219 63.2649 2.0 9.0 0 0 1 1 0 0 0 0 0 1
 37.4009 66.4127 2.0 9.0 0 1 1 1 0 0 0 0 0 1
 37.5 25.0 2.0 0.0 0 0 1 0 0 0 0 0 0 0
 37.5 25.0 2.0 180.0 0 1 1 0 1 0 1 0 0 0
 37.6329 62.644 2.0 27.0 0 0 0 0 0 0 0 0 0 1
 37.8186 66.6363 2.0 9.0 0 0 1 1 0 0 0 0 0 0
 38.1053 65.1054 2.0 99.0 0 1 1 0 0 0 0 1 0 0
 38.6772 58.5484 2.0 9.0 0 0 0 0 0 0 0 0 0 0
 39.2911 63.656 2.0 9.0 0 0 1 1 0 0 0 0 0 1
 39.8604 63.779 2.0 27.0 0 0 0 0 0 0 0 0 0 1
 39.8701 66.8038 2.0 9.0 0 1 1 1 0 0 0 0 0 1
 40.0 25.0 2.0 0.0 0 0 1 0 0 0 0 0 0 0
 40.0 25.0 2.0 108.0 0 1 1 0 1 0 1 0 0 0
 40.0 25.0 2.0 117.0 0 1 1 0 1 0 1 0 0 0
 40.0 25.0 2.0 126.0 0 1 1 0 1 0 1 0 0 0
 40.0 25.0 2.0 135.0 0 1 1 0 1 0 1 0 0 0
 40.0 25.0 2.0 144.0 0 1 1 0 1 0 1 0 0 0
 40.0 25.0 2.0 153.0 0 1 1 0 1 0 1 0 0 0
 40.0 25.0 2.0 162.0 0 1 1 0 1 0 1 0 0 0
 40.0 25.0 2.0 171.0 0 1 1 0 1 0 1 0 0 0
 40.0 25.0 2.0 18.0 0 0 1 0 0 0 0 0 0 0
 40.0 25.0 2.0 27.0 0 0 1 0 0 0 0 0 0 0
 40.0 25.0 2.0 36.0 0 0 1 0 0 0 0 0 0 0
 40.0 25.0 2.0 45.0 0 1 1 0 1 0 1 0 0 0
 40.0 25.0 2.0 54.0 0 1 1 0 1 0 1 0 0 0
 40.0 25.0 2.0 63.0 0 1 1 0 1 0 1 0 0 0
 40.0 25.0 2.0 72.0 0 1 1 0 1 0 1 0 0 0
 40.0 25.0 2.0 81.0 0 1 1 0 1 0 1 0 0 0
 40.0 25.0 2.0 9.0 0 0 1 0 0 0 0 0 0 0
 40.0 25.0 2.0 90.0 0 1 1 0 1 0 1 0 0 0
 40.0 25.0 2.0 99.0 0 1 1 0 1 0 1 0 0 0
 40.2878 67.0273 2.0 9.0 0 0 1 1 0 0 0 0 0 0
 40.5745 65.4965 2.0 99.0 0 1 1 0 0 0 0 1 0 0
 40.9954 61.5514 2.0 27.0 0 0 0 0 0 0 0 0 0 1
 41.1465 58.9394 2.0 9.0 0 0 0 0 0 0 0 0 0 0
 41.7603 64.0471 2.0 9.0 0 0 1 1 0 0 0 0 0 1
 42.3393 67.1949 2.0 9.0 0 1 1 1 0 0 0 0 0 1
 42.757 67.4184 2.0 9.0 0 0 1 1 0 0 0 0 0 0
 43.0437 65.8876 2.0 99.0 0 1 1 0 0 0 0 1 0 0
 43.2229 62.6864 2.0 27.0 0 0 0 0 0 0 0 0 0 1
 43.6157 59.3305 2.0 9.0 0 0 0 0 0 0 0 0 0 0
 44.2295 64.4382 2.0 9.0 0 0 1 1 0 0 0 0 0 1
 44.3579 60.4589 2.0 27.0 0 0 0 0 0 0 0 0 0 1
 44.8393 67.1949 2.0 0.0 0 1 1 1 0 0 0 0 0 1
 45.257 67.4184 2.0 0.0 0 0 1 1 0 0 0 0 0 0
 45.4928 58.2314 2.0 27.0 0 0 0 0 0 0 0 0 0 1
 45.513 66.2787 2.0 99.0 0 1 1 0 0 0 0 1 0 0
 46.0849 59.7216 2.0 9.0 0 0 0 0 0 0 0 0 0 0
 46.6988 64.8292 2.0 9.0 0 0 1 1 0 0 0 0 0 1
 47.3393 67.1949 2.0 0.0 0 1 1 1 0 0 0 0 0 1
 47.757 67.4184 2.0 0.0 0 0 1 1 0 0 0 0 0 0
 47.8705 59.0039 2.0 18.0 0 0 0 0 0 0 0 0 0 1
 47.9822 66.6697 2.0 99.0 0 1 1 0 0 0 0 1 0 0
 48.5541 60.1127 2.0 9.0 0 0 0 0 0 0 0 0 0 0
 49.168 65.2203 2.0 9.0 0 0 1 1 0 0 0 0 0 1
 49.8393 67.1949 2.0 0.0 0 1 1 1 0 0 0 0 0 1
 50.2481 59.7765 2.0 18.0 0 0 1 1 0 0 0 0 0 0
 50.257 67.4184 2.0 0.0 0 0 1 1 0 0 0 0 0 0
 50.4514 67.0608 2.0 99.0 0 1 1 0 0 0 0 1 0 0
 51.0233 60.5038 2.0 9.0 0 0 0 0 0 0 0 0 0 0
 51.6372 65.6114 2.0 9.0 0 0 1 1 0 0 0 0 0 1
 52.3393 67.1949 2.0 0.0 0 1 1 1 0 0 0 0 0 1
 52.6258 60.549 2.0 18.0 0 0 1 1 0 0 0 0 0 0
 52.757 67.4184 2.0 0.0 0 0 1 1 0 0 0 0 0 0
 52.9206 67.4519 2.0 99.0 0 1 1 0 0 0 0 1 0 0
 53.4926 60.8949 2.0 9.0 0 0 0 0 0 0 0 0 0 0
 54.1372 65.6114 2.0 0.0 0 0 1 1 0 0 0 0 0 1
 54.8393 67.1949 2.0 0.0 0 1 1 1 0 0 0 0 0 1
 55.0034 61.3215 2.0 18.0 0 0 1 1 0 0 0 0 0 0
 55.257 67.4184 2.0 0.0 0 0 1 1 0 0 0 0 0 0
 55.3898 67.843 2.0 99.0 0 1 1 0 0 0 0 1 0 0
 55.9618 61.286 2.0 9.0 0 0 0 0 0 0 0 0 0 0
 56.6372 65.6114 2.0 0.0 0 0 1 1 0 0 0 0 0 1
 57.3393 67.1949 2.0 0.0 0 1 1 1 0 0 0 0 0 1
 57.381 62.0941 2.0 18.0 0 0 1 1 0 0 0 0 0 0
 57.757 67.4184 2.0 0.0 0 0 1 1 0 0 0 0 0 0
 57.859 68.2341 2.0 99.0 0 1 1 0 0 0 0 1 0 0
 58.431 61.677 2.0 9.0 0 0 0 0 0 0 0 0 0 0
 59.1372 65.6114 2.0 0.0 1 0 0 0 1 0 0 0 0 0
 59.7587 62.8666 2.0 18.0 0 0 1 1 0 0 0 0 0 0
 59.8393 67.1949 2.0 0.0 0 1 1 1 0 0 0 0 0 1
 60.257 67.4184 2.0 0.0 0 0 1 1 0 0 0 0 0 0
 60.3283 68.6252 2.0 99.0 0 1 1 0 0 0 0 1 0 0
 60.9002 62.0681 2.0 9.0 1 0 0 0 0 0 0 0 1 0
 61.6372 65.6114 2.0 0.0 1 0 0 0 1 0 0 0 0 0
 62.1363 63.6392 2.0 18.0 0 0 1 1 0 0 0 0 0 0
 62.3393 67.1949 2.0 0.0 0 1 1 1 0 0 0 0 0 1
 62.757 67.4184 2.0 0.0 0 0 1 1 0 0 0 0 0 0
 62.7975 69.0162 2.0 99.0 0 1 1 0 0 0 0 1 0 0
 63.3694 62.4592 2.0 9.0 1 0 0 0 0 0 0 0 1 0
 64.1372 65.6114 2.0 0.0 1 0 0 0 1 0 0 0 0 0
 64.4942 71.785 2.0 18.0 0 1 1 0 0 0 0 1 0 0
 64.514 64.4117 2.0 18.0 0 0 1 1 0 0 0 0 0 0
 64.8393 67.1949 2.0 0.0 0 1 1 1 0 0 0 0 0 1
 65.257 67.4184 2.0 0.0 0 0 1 1 0 0 0 0 0 0
 65.2667 69.4073 2.0 18.0 0 1 1 0 0 0 0 1 0 0
 65.2667 69.4073 2.0 27.0 0 1 1 0 0 0 0 1 0 0
 65.2667 69.4073 2.0 36.0 0 1 1 0 0 0 0 1 0 0
 65.2667 69.4073 2.0 45.0 0 1 1 0 0 0 0 1 0 0
 65.2667 69.4073 2.0 54.0 0 1 1 0 0 0 0 1 0 0
 65.2667 69.4073 2.0 63.0 0 1 1 0 0 0 0 1 0 0
 65.2667 69.4073 2.0 72.0 0 1 1 0 0 0 0 1 0 0
 65.2667 69.4073 2.0 81.0 0 1 1 0 0 0 0 1 0 0
 65.2667 69.4073 2.0 90.0 0 1 1 0 0 0 0 1 0 0
 65.2667 69.4073 2.0 99.0 0 1 1 0 0 0 0 1 0 0
 65.8387 62.8503 2.0 9.0 1 0 0 0 0 0 0 0 1 0
 66.0393 67.0297 2.0 18.0 0 0 0 0 0 0 0 0 0 0
 66.6372 65.6114 2.0 0.0 1 0 0 0 1 0 0 0 0 0
 66.8118 64.652 2.0 18.0 0 0 0 0 0 0 0 0 0 0
 66.8916 65.1843 2.0 18.0 0 0 1 1 0 0 0 0 0 0
 67.3393 67.1949 2.0 0.0 0 1 1 1 0 0 0 0 0 1
 67.5843 62.2744 2.0 18.0 0 0 0 0 0 0 0 0 0 0
 67.6642 62.8066 2.0 18.0 0 0 1 1 0 0 0 0 0 0
 67.757 67.4184 2.0 0.0 1 0 0 0 1 0 0 0 0 0
 68.3079 63.2414 2.0 9.0 1 0 0 0 0 0 0 0 1 0
 69.1372 65.6114 2.0 0.0 1 0 0 0 1 0 0 0 0 0
 69.8393 67.1949 2.0 0.0 0 1 1 1 0 0 0 0 0 1
 69.962 63.0469 2.0 18.0 0 0 0 0 0 0 0 0 0 0
 70.0418 63.5792 2.0 18.0 0 0 1 1 0 0 0 0 0 0
 70.257 67.4184 2.0 0.0 1 0 0 0 1 0 0 0 0 0
 70.7771 63.6325 2.0 9.0 1 0 0 0 0 0 0 0 1 0
 71.6372 65.6114 2.0 0.0 1 0 0 0 1 0 0 0 0 0
 72.3393 67.1949 2.0 0.0 0 1 1 1 0 0 0 0 0 1
 72.3396 63.8195 2.0 18.0 0 0 0 0 0 0 0 0 0 0
 72.4194 64.3517 2.0 18.0 0 0 1 1 0 0 0 0 0 0
 72.757 67.4184 2.0 0.0 1 0 0 0 1 0 0 0 0 0
 73.2463 64.0236 2.0 9.0 1 0 0 0 0 0 0 0 1 0
 74.1372 65.6114 2.0 0.0 1 0 0 0 1 0 0 0 0 0
 74.7173 64.592 2.0 18.0 0 0 0 0 0 0 0 0 0 0
 74.7971 65.1242 2.0 18.0 0 0 1 1 0 0 0 0 0 0
 74.8393 67.1949 2.0 0.0 0 1 1 1 0 0 0 0 0 1
 75.257 67.4184 2.0 0.0 1 0 0 0 1 0 0 0 0 0
 75.7156 64.4146 2.0 9.0 1 0 0 0 0 0 0 0 1 0
 76.6372 65.6114 2.0 0.0 1 0 0 0 1 0 0 0 0 0
 77.0949 65.3646 2.0 18.0 0 0 0 0 0 0 0 0 0 0
 77.1747 65.8968 2.0 18.0 0 0 1 1 0 0 0 0 0 0
 77.3393 67.1949 2.0 0.0 0 1 1 1 0 0 0 0 0 1
 77.757 67.4184 2.0 0.0 1 0 0 0 1 0 0 0 0 0
 78.1848 64.8057 2.0 9.0 1 0 0 0 0 0 0 0 1 0
 79.1372 65.6114 2.0 0.0 1 0 0 0 1 0 0 0 0 0
 79.4725 66.1371 2.0 18.0 0 0 0 0 0 0 0 0 0 0
 79.5524 66.6693 2.0 18.0 0 0 1 1 0 0 0 0 0 0
 79.8393 67.1949 2.0 0.0 0 1 1 1 0 0 0 0 0 1
 80.257 67.4184 2.0 0.0 1 0 0 0 1 0 0 0 0 0
 80.654 65.1968 2.0 9.0 1 0 0 0 0 0 0 0 1 0
 81.6372 65.6114 2.0 0.0 1 0 0 0 1 0 0 0 0 0
 81.8502 66.9097 2.0 18.0 0 0 0 0 0 0 0 0 0 0
 81.93 67.4419 2.0 18.0 1 0 0 0 0 0 0 0 1 0
 82.3393 67.1949 2.0 0.0 0 1 1 1 0 0 0 0 0 1
 82.6227 64.532 2.0 18.0 0 0 0 0 0 0 0 0 0 0
 82.7025 65.0642 2.0 18.0 1 0 0 0 0 0 0 0 1 0
 82.757 67.4184 2.0 0.0 1 0 0 0 1 0 0 0 0 0
 83.1232 65.5879 2.0 9.0 1 0 0 0 0 0 0 0 1 0
 83.4751 62.6866 2.0 18.0 1 0 0 0 0 0 0 0 1 0
 84.1372 65.6114 2.0 0.0 1 0 0 0 1 0 0 0 0 0
 84.8393 67.1949 2.0 0.0 0 1 1 1 0 0 0 0 0 1
 85.0004 65.3046 2.0 18.0 0 0 0 0 0 0 0 0 0 0
 85.257 67.4184 2.0 0.0 1 0 0 0 1 0 0 0 0 0
 85.5924 65.979 2.0 9.0 1 0 0 0 0 0 0 0 1 0
 85.8527 63.4591 2.0 18.0 1 0 0 0 0 0 0 0 1 0
 86.6372 65.6114 2.0 0.0 1 0 0 0 1 0 0 0 0 0
 87.3393 67.1949 2.0 0.0 0 1 1 1 0 0 0 0 0 1
 87.378 66.0771 2.0 18.0 0 0 0 0 0 0 0 0 0 0
 87.757 67.4184 2.0 0.0 1 0 0 0 1 0 0 0 0 0
 88.0617 66.3701 2.0 9.0 1 0 0 0 0 0 0 0 1 0
 88.2304 64.2317 2.0 18.0 1 0 0 0 0 0 0 0 1 0
 89.1372 65.6114 2.0 0.0 1 0 0 0 1 0 0 0 0 0
 89.7556 66.8497 2.0 18.0 0 0 0 0 0 0 0 0 0 0
 89.8393 67.1949 2.0 0.0 0 1 1 1 0 0 0 0 0 1
 90.257 67.4184 2.0 0.0 1 0 0 0 1 0 0 0 0 0
 90.5282 64.472 2.0 18.0 0 0 0 0 0 0 0 0 0 0
 90.5309 66.7611 2.0 18.0 1 0 0 0 0 0 0 0 1 0
 90.5309 66.7611 2.0 9.0 1 0 0 0 0 0 0 0 1 0
 90.608 65.0042 2.0 18.0 1 0 0 0 0 0 0 0 1 0
 91.6372 65.6114 2.0 0.0 1 0 0 0 1 0 0 0 0 0
 92.3393 67.1949 2.0 0.0 0 1 1 1 0 0 0 0 0 1
 92.757 67.4184 2.0 0.0 1 0 0 0 1 0 0 0 0 0
 92.7584 67.8961 2.0 27.0 1 0 0 0 0 0 0 0 1 0
 92.9058 65.2446 2.0 18.0 1 0 0 0 1 0 0 0 0 0
 92.9856 65.7768 2.0 18.0 1 0 0 0 0 0 0 0 1 0
 94.1372 65.6114 2.0 0.0 1 0 0 0 1 0 0 0 0 0
 94.8393 67.1949 2.0 0.0 0 1 1 1 0 0 0 0 0 1
 94.9859 69.0311 2.0 27.0 1 0 0 0 0 0 0 0 1 0
 94.9859 69.0311 2.0 36.0 1 0 0 0 0 0 0 0 1 0
 94.9859 69.0311 2.0 45.0 1 0 0 0 0 0 0 0 1 0
 94.9859 69.0311 2.0 54.0 0 0 1 1 0 0 0 0 0 0
 95.257 67.4184 2.0 0.0 1 0 0 0 1 0 0 0 0 0
 95.2835 66.0171 2.0 18.0 1 0 0 0 1 0 0 0 0 0
 95.3633 66.5493 2.0 18.0 1 0 0 0 0 0 0 0 1 0
 96.1209 71.2586 2.0 63.0 0 0 1 1 0 0 0 0 0 0
 96.6372 65.6114 2.0 0.0 1 0 0 0 1 0 0 0 0 0
 96.6372 65.6114 2.0 18.0 0 0 1 1 0 0 0 0 0 1
 96.6372 65.6114 2.0 27.0 0 0 1 1 0 0 0 0 0 1
 96.6372 65.6114 2.0 351.0 1 0 0 0 1 0 0 0 0 0
 96.6372 65.6114 2.0 36.0 0 0 1 1 0 0 0 0 0 1
 96.6372 65.6114 2.0 360.0 1 0 0 0 1 0 0 0 0 0
 96.6372 65.6114 2.0 45.0 0 0 1 1 0 0 0 0 0 1
 96.6372 65.6114 2.0 54.0 0 0 1 1 0 0 0 0 0 1
 96.6372 65.6114 2.0 63.0 0 0 1 1 0 0 0 0 0 1
 96.6372 65.6114 2.0 72.0 0 0 1 1 0 0 0 0 0 1
 96.6372 65.6114 2.0 9.0 1 0 0 0 1 0 0 0 0 0
 97.0283 68.0806 2.0 81.0 0 0 1 1 0 0 0 0 0 1
 97.2559 73.4861 2.0 63.0 0 0 1 1 0 0 0 0 0 0
 97.2559 73.4861 2.0 72.0 0 0 1 1 0 0 0 0 0 0
 97.3393 67.1949 2.0 0.0 0 1 1 1 0 0 0 0 0 1
 97.3393 67.1949 2.0 18.0 0 0 0 0 0 0 0 1 0 0
 97.3393 67.1949 2.0 27.0 0 0 0 0 0 0 0 1 0 0
 97.3393 67.1949 2.0 36.0 0 0 0 0 0 0 0 1 0 0
 97.3393 67.1949 2.0 45.0 0 0 0 0 0 0 0 1 0 0
 97.3393 67.1949 2.0 54.0 0 0 0 0 0 0 0 1 0 0
 97.3393 67.1949 2.0 63.0 0 0 0 0 0 0 0 1 0 0
 97.3393 67.1949 2.0 72.0 0 0 0 0 0 0 0 1 0 0
 97.3393 67.1949 2.0 9.0 0 0 0 0 0 0 0 1 0 0
 97.4194 70.5499 2.0 81.0 0 0 1 1 0 0 0 0 0 1
 97.647 75.9554 2.0 81.0 0 0 1 1 0 0 0 0 0 0
 97.6611 66.7896 2.0 18.0 1 0 0 0 1 0 0 0 0 0
 97.7304 69.6641 2.0 81.0 0 0 0 0 0 0 0 1 0 0
 97.7409 67.3219 2.0 18.0 1 0 0 0 0 0 0 0 1 0
 97.7409 67.3219 2.0 27.0 1 0 0 0 0 0 0 0 1 0
 97.7409 67.3219 2.0 36.0 1 0 0 0 0 0 0 0 1 0
 97.7409 67.3219 2.0 45.0 1 0 0 0 0 0 0 0 1 0
 97.7409 67.3219 2.0 54.0 1 0 0 0 0 0 0 0 1 0
 97.7409 67.3219 2.0 63.0 1 0 0 0 0 0 0 0 1 0
 97.757 67.4184 2.0 0.0 1 0 0 0 1 0 0 0 0 0
 97.8104 73.0191 2.0 81.0 0 1 0 0 1 0 0 0 0 0
 98.038 78.4246 2.0 81.0 0 0 1 1 0 0 0 0 0 0
 98.1215 72.1333 2.0 81.0 0 0 0 0 0 0 0 1 0 0
 98.2015 75.4883 2.0 81.0 0 1 0 0 1 0 0 0 0 0
 98.4291 80.8938 2.0 81.0 0 0 1 1 0 0 0 0 0 0
 98.5126 74.6026 2.0 81.0 1 0 1 0 0 0 0 0 0 0
 98.5135 69.6995 2.0 72.0 0 0 1 1 0 0 0 0 0 0
 98.5926 77.9575 2.0 81.0 0 1 0 0 1 0 0 0 0 0
 98.8202 83.363 2.0 81.0 0 0 1 1 0 0 0 0 0 0
 98.9037 77.0718 2.0 81.0 1 0 1 0 0 0 0 0 0 0
 98.9837 80.4267 2.0 81.0 0 1 0 0 1 0 0 0 0 0
 99.2113 85.8323 2.0 81.0 0 0 1 1 0 0 0 0 0 0
 99.286 72.0771 2.0 72.0 0 0 1 1 0 0 0 0 0 0
 99.2947 79.541 2.0 81.0 1 0 1 0 0 0 0 0 0 0
 99.3748 82.896 2.0 81.0 0 1 0 0 1 0 0 0 0 0
 99.6024 88.3015 2.0 81.0 0 0 1 1 0 0 0 0 0 0
 99.6858 82.0102 2.0 81.0 1 0 1 0 0 0 0 0 0 0
 99.7659 85.3652 2.0 81.0 0 1 0 0 1 0 0 0 0 0
 99.9935 90.7707 2.0 81.0 0 0 1 1 0 0 0 0 0 0
 100.039 100.062 2.0 90.0 0 1 0 0 0 1 0 0 0 0
 100.039 102.562 2.0 90.0 0 1 0 0 0 1 0 0 0 0
 100.039 105.062 2.0 90.0 0 1 0 0 0 1 0 0 0 0
 100.039 67.5622 2.0 18.0 1 0 0 0 1 0 0 0 0 0
 100.039 67.5622 2.0 27.0 1 0 0 0 1 0 0 0 0 0
 100.039 67.5622 2.0 36.0 0 0 1 1 0 0 0 0 0 0
 100.039 67.5622 2.0 45.0 0 0 1 1 0 0 0 0 0 0
 100.039 67.5622 2.0 54.0 0 0 1 1 0 0 0 0 0 0
 100.039 67.5622 2.0 63.0 0 0 1 1 0 0 0 0 0 0
 100.039 67.5622 2.0 72.0 0 0 1 1 0 0 0 0 0 0
 100.039 67.5622 2.0 81.0 0 0 1 1 0 0 0 0 0 0
 100.039 70.0622 2.0 90.0 0 0 1 1 0 0 0 0 0 0
 100.039 72.5622 2.0 90.0 0 0 1 1 0 0 0 0 0 0
 100.039 75.0622 2.0 90.0 0 0 1 1 0 0 0 0 0 0
 100.039 77.5622 2.0 90.0 0 0 1 1 0 0 0 0 0 0
 100.039 80.0622 2.0 90.0 0 1 0 0 0 1 0 0 0 0
 100.039 82.5622 2.0 90.0 0 1 0 0 0 1 0 0 0 0
 100.039 85.0622 2.0 90.0 0 1 0 0 0 1 0 0 0 0
 100.039 87.5622 2.0 90.0 0 1 0 0 0 1 0 0 0 0
 100.039 90.0622 2.0 90.0 0 1 0 0 0 1 0 0 0 0
 100.039 92.5622 2.0 90.0 0 1 0 0 0 1 0 0 0 0
 100.039 95.0622 2.0 90.0 0 1 0 0 0 1 0 0 0 0
 100.039 97.5622 2.0 90.0 0 1 0 0 0 1 0 0 0 0
 100.059 74.4548 2.0 72.0 0 0 1 1 0 0 0 0 0 0
 100.077 84.4795 2.0 81.0 1 0 1 0 0 0 0 0 0 0
 100.157 87.8344 2.0 81.0 0 1 0 0 1 0 0 0 0 0
 100.257 67.4184 2.0 0.0 1 0 0 0 1 0 0 0 0 0
 100.385 93.2399 2.0 81.0 0 0 1 1 0 0 0 0 0 0
 100.468 86.9487 2.0 81.0 1 0 1 0 0 0 0 0 0 0
 100.548 90.3036 2.0 81.0 0 1 0 0 1 0 0 0 0 0
 100.776 95.7091 2.0 27.0 0 0 1 1 0 0 0 0 0 0
 100.776 95.7091 2.0 36.0 0 0 1 1 0 0 0 0 0 0
 100.776 95.7091 2.0 45.0 0 0 1 1 0 0 0 0 0 0
 100.776 95.7091 2.0 54.0 0 0 1 1 0 0 0 0 0 0
 100.776 95.7091 2.0 63.0 0 0 1 1 0 0 0 0 0 0
 100.776 95.7091 2.0 72.0 0 0 1 1 0 0 0 0 0 0
 100.776 95.7091 2.0 81.0 0 0 1 1 0 0 0 0 0 0
 100.831 76.8324 2.0 72.0 0 0 1 1 0 0 0 0 0 0
 100.859 89.4179 2.0 81.0 1 0 1 0 0 0 0 0 0 0
 100.939 92.7729 2.0 81.0 0 1 0 0 1 0 0 0 0 0
 101.25 91.8871 2.0 81.0 1 0 1 0 0 0 0 0 0 0
 101.33 95.2421 2.0 81.0 0 1 0 0 1 0 0 0 0 0
 101.604 79.2101 2.0 72.0 0 0 1 1 0 0 0 0 0 0
 101.641 94.3564 2.0 81.0 1 0 1 0 0 0 0 0 0 0
 101.721 97.7113 2.0 36.0 0 1 0 0 1 0 0 0 0 0
 101.721 97.7113 2.0 45.0 0 1 0 0 1 0 0 0 0 0
 101.721 97.7113 2.0 54.0 0 1 0 0 1 0 0 0 0 0
 101.721 97.7113 2.0 63.0 0 1 0 0 1 0 0 0 0 0
 101.721 97.7113 2.0 72.0 0 1 0 0 1 0 0 0 0 0
 101.721 97.7113 2.0 81.0 0 1 0 0 1 0 0 0 0 0
 102.032 96.8256 2.0 81.0 1 0 1 0 0 0 0 0 0 0
 102.376 81.5877 2.0 72.0 0 0 1 1 0 0 0 0 0 0
 102.423 99.2948 2.0 81.0 1 0 1 0 0 0 0 0 0 0
 102.539 105.062 2.0 90.0 0 1 0 0 0 1 0 0 0 0
 102.757 67.4184 2.0 0.0 1 0 0 0 1 0 0 0 0 0
 102.757 69.9184 2.0 0.0 1 0 0 0 1 0 0 0 0 0
 102.757 72.4184 2.0 0.0 1 0 0 0 1 0 0 0 0 0
 102.757 74.9184 2.0 0.0 1 0 0 0 1 0 0 0 0 0
 102.757 77.4184 2.0 0.0 1 0 0 0 1 0 0 0 0 0
 102.757 79.9184 2.0 0.0 1 0 0 0 1 0 0 0 0 0
 102.757 82.4184 2.0 0.0 1 0 0 0 1 0 0 0 0 0
 102.757 82.4184 2.0 18.0 1 0 0 0 1 0 0 0 0 0
 102.757 82.4184 2.0 27.0 1 0 0 0 1 0 0 0 0 0
 102.757 82.4184 2.0 36.0 1 0 0 0 1 0 0 0 0 0
 102.757 82.4184 2.0 45.0 1 0 0 0 1 0 0 0 0 0
 102.757 82.4184 2.0 54.0 1 0 0 0 1 0 0 0 0 0
 102.757 82.4184 2.0 63.0 0 0 0 1 0 0 0 0 0 0
 102.757 82.4184 2.0 9.0 1 0 0 0 1 0 0 0 0 0
 102.814 101.764 2.0 27.0 0 0 0 0 0 0 0 0 0 0
 102.814 101.764 2.0 36.0 0 0 0 0 0 0 0 0 0 0
 102.814 101.764 2.0 45.0 1 0 1 0 0 0 0 0 0 0
 102.814 101.764 2.0 54.0 1 0 1 0 0 0 0 0 0 0
 102.814 101.764 2.0 63.0 1 0 1 0 0 0 0 0 0 0
 102.814 101.764 2.0 72.0 1 0 1 0 0 0 0 0 0 0
 102.814 101.764 2.0 81.0 1 0 1 0 0 0 0 0 0 0
 103.149 83.9653 2.0 72.0 0 0 1 1 0 0 0 0 0 0
 103.153 96.4817 2.0 18.0 0 0 1 1 0 0 0 0 0 0
 103.53 84.7961 2.0 72.0 0 0 0 1 0 0 0 0 0 0
 103.921 86.343 2.0 72.0 0 0 1 1 0 0 0 0 0 0
 103.949 98.8463 2.0 27.0 0 1 0 0 1 0 0 0 0 0
 104.302 87.1737 2.0 72.0 0 0 0 1 0 0 0 0 0 0
 104.694 88.7206 2.0 72.0 0 0 0 0 0 0 0 0 0 0
 105.039 105.062 2.0 90.0 0 1 0 0 0 1 0 0 0 0
 105.075 89.5513 2.0 72.0 0 0 0 1 0 0 0 0 0 0
 105.192 102.537 2.0 18.0 0 0 0 0 0 0 0 0 0 0
 105.466 91.0983 2.0 72.0 0 0 0 0 0 0 0 0 0 0
 105.531 97.2542 2.0 0.0 1 0 0 0 0 0 0 0 0 0
 105.531 97.2542 2.0 18.0 0 0 1 1 0 0 0 0 0 0
 105.531 97.2542 2.0 18.0 1 0 0 0 0 0 0 0 0 0
 105.531 97.2542 2.0 351.0 1 0 0 0 0 0 0 0 0 0
 105.531 97.2542 2.0 360.0 1 0 0 0 0 0 0 0 0 0
 105.531 97.2542 2.0 9.0 0 0 1 1 0 0 0 0 0 0
 105.531 97.2542 2.0 9.0 1 0 0 0 0 0 0 0 0 0
 105.847 91.929 2.0 72.0 0 0 0 1 0 0 0 0 0 0
 106.176 99.9813 2.0 27.0 1 1 0 0 1 0 0 0 0 0
 106.239 93.4759 2.0 72.0 0 0 0 0 0 0 0 0 0 0
 106.62 94.3066 2.0 72.0 0 1 0 0 1 0 0 0 0 0
 107.011 95.8535 2.0 72.0 0 0 0 0 0 0 0 0 0 0
 107.392 96.6843 2.0 72.0 0 1 0 0 1 0 0 0 0 0
 107.539 105.062 2.0 90.0 0 1 0 0 0 1 0 0 0 0
 107.57 103.309 2.0 18.0 0 0 0 0 0 0 0 0 0 0
 107.758 98.3892 2.0 27.0 1 0 0 0 0 0 0 0 0 0
 108.165 99.0619 2.0 72.0 0 1 0 0 1 0 0 0 0 0
 108.404 101.116 2.0 27.0 1 1 0 0 1 0 0 0 0 0
 108.937 101.44 2.0 36.0 0 1 0 0 1 0 0 0 0 0
 108.937 101.44 2.0 45.0 0 1 0 0 1 0 0 0 0 0
 108.937 101.44 2.0 54.0 0 1 0 0 1 0 0 0 0 0
 108.937 101.44 2.0 63.0 0 1 0 0 1 0 0 0 0 0
 108.937 101.44 2.0 72.0 0 1 0 0 1 0 0 0 0 0
 109.389 95.081 2.0 72.0 0 0 0 0 0 0 0 0 0 0
 109.947 104.082 2.0 18.0 0 0 0 0 0 0 0 0 0 0
 109.986 99.5242 2.0 27.0 0 0 0 0 0 0 0 0 0 0
 109.986 99.5242 2.0 27.0 1 0 0 0 0 0 0 0 0 0
 109.986 99.5242 2.0 36.0 0 0 0 0 0 0 0 0 0 0
 109.986 99.5242 2.0 45.0 0 0 1 1 0 0 0 0 0 0
 110.039 105.062 2.0 90.0 0 0 1 0 0 1 1 0 0 0
 110.631 102.251 2.0 27.0 1 1 0 0 1 0 0 0 0 0
 111.165 102.575 2.0 27.0 0 0 1 1 0 0 0 0 0 0
 111.455 101.547 2.0 54.0 0 0 1 1 0 0 0 0 0 0
 111.767 94.3084 2.0 72.0 0 0 0 0 0 0 0 0 0 0
 112.325 104.854 2.0 18.0 0 0 0 0 0 0 0 0 0 0
 112.539 105.062 2.0 90.0 0 0 1 0 0 1 1 0 0 0
 112.539 96.6861 2.0 72.0 0 0 0 0 0 0 0 0 0 0
 112.859 103.386 2.0 27.0 1 1 0 0 1 0 0 0 0 0
 112.925 103.569 2.0 54.0 0 0 1 1 0 0 0 0 0 0
 113.312 99.0637 2.0 72.0 0 0 0 1 0 0 0 0 0 0
 113.392 103.709 2.0 27.0 0 0 1 1 0 0 0 0 0 0
 114.084 101.441 2.0 72.0 0 0 0 1 0 0 0 0 0 0
 114.394 105.592 2.0 54.0 0 0 1 1 0 0 0 0 0 0
 114.703 105.627 2.0 18.0 0 0 0 0 0 0 0 0 0 0
 114.857 103.819 2.0 72.0 0 0 0 1 0 0 0 0 0 0
 115.039 105.062 2.0 90.0 0 0 1 0 0 1 1 0 0 0
 115.086 104.521 2.0 27.0 1 1 0 0 1 0 0 0 0 0
 115.62 104.844 2.0 27.0 0 0 1 1 0 0 0 0 0 0
 115.629 106.197 2.0 72.0 0 0 0 1 0 0 0 0 0 0
 115.864 107.614 2.0 54.0 0 0 1 1 0 0 0 0 0 0
 116.402 108.574 2.0 72.0 0 1 0 0 1 0 0 0 0 0
 117.08 106.399 2.0 18.0 0 0 0 0 0 0 0 0 0 0
 117.175 110.952 2.0 72.0 0 1 0 0 1 0 0 0 0 0
 117.314 105.656 2.0 27.0 1 1 0 0 1 0 0 0 0 0
 117.314 105.656 2.0 36.0 1 1 0 0 1 0 0 0 0 0
 117.314 105.656 2.0 45.0 1 1 0 0 1 0 0 0 0 0
 117.314 105.656 2.0 54.0 1 1 0 0 1 0 0 0 0 0
 117.314 105.656 2.0 63.0 1 1 0 0 1 0 0 0 0 0
 117.314 105.656 2.0 72.0 1 1 0 0 1 0 0 0 0 0
 117.333 109.637 2.0 54.0 0 0 1 1 0 0 0 0 0 0
 117.539 105.062 2.0 90.0 0 0 1 0 0 1 1 0 0 0
 117.705 108.125 2.0 81.0 1 1 0 0 1 0 0 0 0 0
 117.847 105.979 2.0 27.0 0 0 1 1 0 0 0 0 0 0
 117.947 113.33 2.0 72.0 0 1 0 0 1 0 0 0 0 0
 118.096 110.595 2.0 0.0 0 0 0 0 0 0 0 0 0 0
 118.096 110.595 2.0 18.0 0 1 0 1 1 0 0 0 0 0
 118.096 110.595 2.0 18.0 1 1 0 0 1 0 0 0 0 0
 118.096 110.595 2.0 27.0 0 1 0 1 1 0 0 0 0 0
 118.096 110.595 2.0 27.0 1 1 0 0 1 0 0 0 0 0
 118.096 110.595 2.0 297.0 0 0 0 0 0 0 0 0 0 0
 118.096 110.595 2.0 306.0 0 0 0 0 0 0 0 0 0 0
 118.096 110.595 2.0 315.0 0 0 0 0 0 0 0 0 0 0
 118.096 110.595 2.0 324.0 0 0 0 0 0 0 0 0 0 0
 118.096 110.595 2.0 324.0 0 1 0 1 1 0 0 0 0 0
 118.096 110.595 2.0 333.0 0 0 0 0 0 0 0 0 0 0
 118.096 110.595 2.0 333.0 0 1 0 1 1 0 0 0 0 0
 118.096 110.595 2.0 342.0 0 0 0 0 0 0 0 0 0 0
 118.096 110.595 2.0 342.0 0 1 0 1 1 0 0 0 0 0
 118.096 110.595 2.0 351.0 0 0 0 0 0 0 0 0 0 0
 118.096 110.595 2.0 351.0 0 1 0 1 1 0 0 0 0 0
 118.096 110.595 2.0 36.0 1 1 0 0 1 0 0 0 0 0
 118.096 110.595 2.0 360.0 0 1 0 1 1 0 0 0 0 0
 118.096 110.595 2.0 45.0 1 1 0 0 1 0 0 0 0 0
 118.096 110.595 2.0 54.0 1 1 0 0 1 0 0 0 0 0
 118.096 110.595 2.0 63.0 1 1 0 0 1 0 0 0 0 0
 118.096 110.595 2.0 72.0 1 1 0 0 1 0 0 0 0 0
 118.096 110.595 2.0 81.0 1 1 0 0 1 0 0 0 0 0
 118.096 110.595 2.0 9.0 0 0 0 0 0 0 0 0 0 0
 118.096 110.595 2.0 9.0 0 1 0 1 1 0 0 0 0 0
 118.72 115.707 2.0 72.0 0 1 0 0 1 0 0 0 0 0
 118.803 111.659 2.0 54.0 0 0 1 1 0 0 0 0 0 0
 119.458 107.172 2.0 18.0 0 0 0 0 0 0 0 0 0 0
 119.458 107.172 2.0 27.0 0 1 0 0 0 0 0 0 0 0
 119.458 107.172 2.0 36.0 0 1 0 0 0 0 0 0 0 0
 119.458 107.172 2.0 45.0 0 1 0 0 0 0 0 0 0 0
 119.458 107.172 2.0 54.0 0 1 0 0 0 0 0 0 0 0
 119.458 107.172 2.0 63.0 0 1 0 0 0 0 0 0 0 0
 119.458 107.172 2.0 72.0 0 1 0 0 0 0 0 0 0 0
 119.458 107.172 2.0 81.0 0 0 0 0 0 0 0 0 0 0
 119.458 109.672 2.0 90.0 0 0 0 0 0 0 0 0 0 0
 119.458 112.172 2.0 90.0 0 0 0 0 0 0 0 0 0 0
 119.458 114.672 2.0 90.0 0 0 0 0 0 0 0 0 0 0
 119.458 117.172 2.0 90.0 0 0 0 0 0 0 0 0 0 0
 119.458 119.672 2.0 90.0 0 0 0 0 0 0 0 0 0 0
 119.458 122.172 2.0 90.0 0 0 0 0 0 0 0 0 0 0
 119.458 124.672 2.0 18.0 0 0 0 0 0 0 0 0 0 0
 119.458 124.672 2.0 27.0 0 0 0 0 0 0 0 0 0 0
 119.458 124.672 2.0 36.0 0 0 0 0 0 0 0 0 0 0
 119.458 124.672 2.0 45.0 0 0 0 0 0 0 0 0 0 0
 119.458 124.672 2.0 54.0 0 0 0 0 0 0 0 0 0 0
 119.458 124.672 2.0 63.0 0 0 0 0 0 0 0 0 0 0
 119.458 124.672 2.0 72.0 0 0 0 0 0 0 0 0 0 0
 119.458 124.672 2.0 81.0 1 0 0 0 0 0 0 0 0 0
 119.458 124.672 2.0 9.0 0 0 0 0 0 0 0 0 0 0
 119.458 124.672 2.0 90.0 1 0 0 0 0 0 0 0 0 0
 119.492 118.085 2.0 72.0 0 1 0 0 1 0 0 0 0 0
 120.039 105.062 2.0 90.0 0 0 1 0 0 1 1 0 0 0
 120.075 107.114 2.0 27.0 0 0 1 1 0 0 0 0 0 0
 120.119 112.064 2.0 36.0 0 1 0 1 1 0 0 0 0 0
 120.265 120.462 2.0 27.0 0 0 1 1 0 0 0 0 0 0
 120.265 120.462 2.0 36.0 0 1 0 0 1 0 0 0 0 0
 120.265 120.462 2.0 45.0 0 1 0 0 1 0 0 0 0 0
 120.265 120.462 2.0 54.0 0 1 0 0 1 0 0 0 0 0
 120.265 120.462 2.0 63.0 0 1 0 0 1 0 0 0 0 0
 120.265 120.462 2.0 72.0 0 1 0 0 1 0 0 0 0 0
 120.272 113.682 2.0 54.0 0 0 1 1 0 0 0 0 0 0
 121.742 115.705 2.0 54.0 0 0 1 1 0 0 0 0 0 0
 121.958 124.672 2.0 0.0 0 0 0 0 0 0 0 0 0 0
 122.141 113.534 2.0 36.0 0 1 0 1 1 0 0 0 0 0
 122.302 108.249 2.0 27.0 0 1 0 0 0 0 0 0 0 0
 122.539 105.062 2.0 90.0 0 0 1 0 0 1 1 0 0 0
 122.539 107.562 2.0 90.0 0 0 1 0 0 1 1 0 0 0
 122.539 110.062 2.0 90.0 0 0 1 0 0 1 1 0 0 0
 122.539 112.562 2.0 90.0 0 0 1 0 0 1 1 0 0 0
 122.539 112.562 2.0 90.0 0 1 0 0 0 1 0 0 0 0
 122.539 115.062 2.0 90.0 0 0 1 0 0 1 1 0 0 0
 122.539 115.062 2.0 90.0 0 1 0 0 0 1 0 0 0 0
 122.539 117.562 2.0 90.0 0 1 0 0 0 1 0 0 0 0
 122.539 120.062 2.0 90.0 0 1 0 0 0 1 0 0 0 0
 122.642 121.235 2.0 18.0 0 0 1 1 0 0 0 0 0 0
 123.211 117.727 2.0 36.0 0 1 0 0 0 0 0 0 1 0
 123.211 117.727 2.0 45.0 0 1 0 0 0 0 0 0 1 0
 123.211 117.727 2.0 54.0 0 1 0 0 0 0 0 0 1 0
 124.164 115.003 2.0 36.0 0 1 0 1 1 0 0 0 0 0
 124.458 124.672 2.0 0.0 0 0 0 0 0 0 0 0 0 0
 124.53 109.384 2.0 27.0 0 1 0 0 0 0 0 0 0 0
 125.02 122.008 2.0 18.0 0 0 1 1 0 0 0 0 0 0
 125.039 120.062 2.0 90.0 0 1 0 0 0 1 0 0 0 0
 125.439 118.862 2.0 27.0 0 1 0 0 0 0 0 0 1 0
 126.186 116.472 2.0 36.0 0 1 0 1 1 0 0 0 0 0
 126.758 110.519 2.0 27.0 0 1 0 0 0 0 0 0 0 0
 126.958 124.672 2.0 0.0 0 0 0 0 0 0 0 0 0 0
 127.398 122.78 2.0 18.0 0 0 1 1 0 0 0 0 0 0
 127.539 120.062 2.0 90.0 0 1 0 0 0 1 0 0 0 0
 127.666 119.997 2.0 0.0 0 1 0 0 0 0 0 0 1 0
 127.666 119.997 2.0 18.0 0 1 0 0 0 0 0 0 1 0
 127.666 119.997 2.0 27.0 0 1 0 0 0 0 0 0 1 0
 127.666 119.997 2.0 351.0 0 1 0 0 0 0 0 0 1 0
 127.666 119.997 2.0 9.0 0 1 0 0 0 0 0 0 1 0
 128.209 117.942 2.0 36.0 0 1 0 1 1 0 0 0 0 0
 128.985 111.654 2.0 27.0 0 1 0 0 0 0 0 0 0 0
 129.458 124.672 2.0 0.0 0 0 0 0 0 0 0 0 0 0
 129.775 123.553 2.0 18.0 0 0 1 1 0 0 0 0 0 0
 130.039 120.062 2.0 90.0 0 1 1 0 0 0 0 0 0 0
 130.044 119.225 2.0 342.0 0 1 0 0 0 0 0 0 1 0
 130.231 119.411 2.0 18.0 0 1 0 1 1 0 0 0 0 0
 130.231 119.411 2.0 27.0 0 1 0 1 1 0 0 0 0 0
 130.231 119.411 2.0 36.0 0 1 0 1 1 0 0 0 0 0
 131.213 112.789 2.0 27.0 0 1 0 0 0 0 0 0 0 0
 131.958 124.672 2.0 0.0 0 0 0 0 0 0 0 0 0 0
 132.153 124.325 2.0 18.0 1 1 1 0 0 0 0 0 1 0
 132.421 118.452 2.0 342.0 0 1 0 0 0 0 0 0 1 0
 132.539 120.062 2.0 90.0 0 1 1 0 0 0 0 0 0 0
 132.701 119.802 2.0 9.0 0 1 0 1 1 0 0 0 0 0
 133.44 113.924 2.0 27.0 0 1 0 0 0 0 0 0 0 0
 134.458 124.672 2.0 0.0 0 0 0 0 0 0 0 0 0 0
 134.531 125.098 2.0 18.0 1 1 1 0 0 0 0 0 1 0
 134.649 117.317 2.0 333.0 0 1 0 0 0 0 0 0 1 0
 135.039 120.062 2.0 90.0 0 1 1 0 0 0 0 0 0 0
 135.17 120.194 2.0 9.0 0 1 0 1 1 0 0 0 0 0
 135.668 115.059 2.0 27.0 0 1 0 0 0 0 0 0 0 0
 136.876 116.182 2.0 333.0 1 0 0 0 0 0 0 0 1 0
 136.908 125.87 2.0 18.0 1 1 1 0 0 0 0 0 1 0
 136.958 124.672 2.0 0.0 0 0 0 0 0 0 0 0 0 0
 137.539 120.062 2.0 90.0 0 1 1 0 0 0 0 0 0 0
 137.639 120.585 2.0 0.0 0 1 0 1 1 0 0 0 0 0
 137.639 120.585 2.0 288.0 0 0 1 0 0 0 0 0 0 0
 137.639 120.585 2.0 297.0 0 0 1 0 0 0 0 0 0 0
 137.639 120.585 2.0 306.0 0 0 1 0 0 0 0 0 0 0
 137.639 120.585 2.0 315.0 0 0 1 0 0 0 0 0 0 0
 137.639 120.585 2.0 324.0 0 0 1 0 0 0 0 0 0 0
 137.639 120.585 2.0 333.0 0 0 1 0 0 0 0 0 0 0
 137.639 120.585 2.0 342.0 0 0 1 0 0 0 0 0 0 0
 137.639 120.585 2.0 351.0 0 1 0 1 1 0 0 0 0 0
 137.639 120.585 2.0 9.0 0 1 0 1 1 0 0 0 0 0
 137.681 123.493 2.0 18.0 1 1 1 0 0 0 0 0 1 0
 137.895 116.194 2.0 27.0 0 1 0 0 0 0 0 0 0 0
 138.03 118.115 2.0 279.0 0 0 1 0 0 0 0 0 0 0
 138.421 115.646 2.0 279.0 0 0 1 0 0 0 0 0 0 0
 138.453 121.115 2.0 18.0 1 1 1 0 0 0 0 0 1 0
 138.812 113.177 2.0 279.0 0 0 1 0 0 0 0 0 0 0
 138.899 114.713 2.0 324.0 1 0 0 0 0 0 0 0 1 0
 139.203 110.708 2.0 279.0 0 0 0 0 0 0 0 0 0 0
 139.226 118.737 2.0 18.0 1 1 1 0 0 0 0 0 1 0
 139.458 124.672 2.0 0.0 0 0 0 0 0 0 0 0 0 0
 139.594 108.238 2.0 279.0 0 0 0 0 0 0 0 0 0 0
 139.985 105.769 2.0 279.0 0 0 0 0 0 0 0 0 0 0
 139.998 116.36 2.0 18.0 1 1 1 0 0 0 0 0 1 0
 140.039 120.062 2.0 90.0 0 1 1 0 0 0 0 0 0 0
 140.123 117.329 2.0 0.0 0 1 0 0 0 0 0 0 0 0
 140.123 117.329 2.0 18.0 0 1 0 0 0 0 0 0 0 0
 140.123 117.329 2.0 27.0 0 1 0 0 0 0 0 0 0 0
 140.123 117.329 2.0 297.0 1 0 0 0 1 0 0 0 0 0
 140.123 117.329 2.0 306.0 0 0 1 1 0 0 0 0 0 0
 140.123 117.329 2.0 315.0 0 0 1 1 0 0 0 0 0 0
 140.123 117.329 2.0 324.0 0 0 1 1 0 0 0 0 0 0
 140.123 117.329 2.0 333.0 0 0 1 1 0 0 0 0 0 0
 140.123 117.329 2.0 342.0 0 0 1 1 0 0 0 0 0 0
 140.123 117.329 2.0 351.0 0 0 1 1 0 0 0 0 0 0
 140.123 117.329 2.0 9.0 0 1 0 0 0 0 0 0 0 0
 140.377 103.3 2.0 279.0 0 0 0 0 0 0 0 0 0 0
 140.377 103.3 2.0 288.0 0 0 0 0 0 0 0 0 0 0
 140.377 103.3 2.0 297.0 1 0 0 0 1 0 0 0 0 0
 140.377 103.3 2.0 306.0 1 0 0 0 1 0 0 0 0 0
 140.377 103.3 2.0 315.0 1 0 0 0 1 0 0 0 0 0
 140.377 103.3 2.0 324.0 1 0 0 0 1 0 0 0 0 0
 140.377 103.3 2.0 333.0 1 0 0 0 1 0 0 0 0 0
 140.377 103.3 2.0 342.0 1 0 0 0 1 0 0 0 0 0
 140.377 103.3 2.0 351.0 1 0 0 0 1 0 0 0 0 0
 140.771 113.982 2.0 18.0 1 1 1 0 0 0 0 0 1 0
 140.895 114.952 2.0 288.0 1 0 0 0 1 0 0 0 0 0
 140.922 113.243 2.0 324.0 1 0 0 0 0 0 0 0 1 0
 141.543 111.604 2.0 18.0 1 1 1 0 0 0 0 0 1 0
 141.668 112.574 2.0 288.0 1 0 0 0 1 0 0 0 0 0
 141.958 124.672 2.0 0.0 0 0 0 0 0 0 0 0 0 0
 141.958 124.672 2.0 0.0 0 1 0 0 0 0 0 0 0 0
 141.958 124.672 2.0 297.0 0 1 0 0 0 0 0 0 0 0
 141.958 124.672 2.0 306.0 0 1 0 0 0 0 0 0 0 0
 141.958 124.672 2.0 315.0 0 1 0 0 0 0 0 0 0 0
 141.958 124.672 2.0 324.0 0 1 0 0 0 0 0 0 0 0
 141.958 124.672 2.0 333.0 0 1 0 0 0 0 0 0 0 0
 141.958 124.672 2.0 342.0 0 1 0 0 0 0 0 0 0 0
 141.958 124.672 2.0 351.0 0 1 0 0 0 0 0 0 0 0
 142.316 109.227 2.0 18.0 1 1 1 0 0 0 0 0 1 0
 142.44 110.196 2.0 288.0 1 0 0 0 1 0 0 0 0 0
 142.539 120.062 2.0 90.0 0 1 1 0 0 0 0 0 0 0
 142.689 111.475 2.0 315.0 1 0 0 0 0 0 0 0 1 0
 142.73 122.294 2.0 288.0 0 1 0 0 0 0 0 0 0 0
 142.877 103.3 2.0 360.0 1 0 0 0 1 0 0 0 0 0
 143.089 106.849 2.0 18.0 1 1 1 0 0 0 0 0 1 0
 143.213 107.819 2.0 288.0 1 0 0 0 1 0 0 0 0 0
 143.503 119.917 2.0 288.0 0 0 1 0 0 0 0 0 0 0
 143.861 104.472 2.0 18.0 1 1 1 0 0 0 0 0 1 0
 143.985 105.441 2.0 288.0 1 0 0 0 1 0 0 0 0 0
 144.276 117.539 2.0 288.0 0 0 1 0 0 0 0 0 0 0
 144.457 109.708 2.0 315.0 1 0 0 0 0 0 0 0 1 0
 144.634 102.094 2.0 18.0 1 1 1 0 0 0 0 0 1 0
 144.758 103.063 2.0 288.0 1 0 0 0 1 0 0 0 0 0
 145.039 100.062 2.0 90.0 0 1 1 0 0 0 0 0 0 0
 145.039 102.562 2.0 90.0 0 1 1 0 0 0 0 0 0 0
 145.039 105.062 2.0 90.0 0 1 1 0 0 0 0 0 0 0
 145.039 107.562 2.0 90.0 0 1 1 0 0 0 0 0 0 0
 145.039 110.062 2.0 90.0 0 1 1 0 0 0 0 0 0 0
 145.039 112.562 2.0 90.0 0 1 1 0 0 0 0 0 0 0
 145.039 115.062 2.0 90.0 0 1 1 0 0 0 0 0 0 0
 145.039 117.562 2.0 90.0 0 1 1 0 0 0 0 0 0 0
 145.039 120.062 2.0 90.0 0 1 1 0 0 0 0 0 0 0
 145.039 85.0622 2.0 90.0 0 1 0 0 0 0 0 0 1 0
 145.039 85.0622 2.0 90.0 0 1 1 0 0 0 0 0 0 0
 145.039 87.5622 2.0 90.0 0 1 1 0 0 0 0 0 0 0
 145.039 90.0622 2.0 90.0 0 1 1 0 0 0 0 0 0 0
 145.039 92.5622 2.0 90.0 0 1 1 0 0 0 0 0 0 0
 145.039 95.0622 2.0 90.0 0 1 1 0 0 0 0 0 0 0
 145.039 97.5622 2.0 90.0 0 1 1 0 0 0 0 0 0 0
 145.048 115.161 2.0 288.0 0 0 1 0 0 0 0 0 0 0
 145.377 103.3 2.0 360.0 1 0 0 0 1 0 0 0 0 0
 145.406 99.7163 2.0 18.0 1 1 1 0 0 0 0 0 1 0
 145.43 87.5314 2.0 81.0 0 1 0 0 0 0 0 0 1 0
 145.53 100.686 2.0 288.0 1 0 0 0 1 0 0 0 0 0
 145.821 112.784 2.0 288.0 0 0 1 0 0 0 0 0 0 0
 145.821 90.0006 2.0 81.0 0 1 0 0 0 0 0 0 1 0
 146.212 92.4699 2.0 81.0 0 0 0 0 0 0 0 0 0 0
 146.225 107.94 2.0 315.0 1 0 0 0 0 0 0 0 1 0
 146.303 98.3081 2.0 288.0 1 0 0 0 1 0 0 0 0 0
 146.303 98.3081 2.0 297.0 1 0 0 0 1 0 0 0 0 0
 146.303 98.3081 2.0 306.0 1 0 0 0 1 0 0 0 0 0
 146.303 98.3081 2.0 315.0 1 0 0 0 1 0 0 0 0 0
 146.303 98.3081 2.0 324.0 1 0 0 0 1 0 0 0 0 0
 146.303 98.3081 2.0 333.0 1 0 0 0 1 0 0 0 0 0
 146.303 98.3081 2.0 342.0 1 0 0 0 1 0 0 0 0 0
 146.303 98.3081 2.0 351.0 1 0 0 0 1 0 0 0 0 0
 146.303 98.3081 2.0 360.0 1 0 0 0 1 0 0 0 0 0
 146.303 98.3081 2.0 9.0 1 0 0 0 1 0 0 0 0 0
 146.593 110.406 2.0 288.0 0 0 1 0 0 0 0 0 0 0
 146.603 94.9391 2.0 81.0 0 0 1 0 0 0 0 0 0 0
 146.994 97.4083 2.0 81.0 0 0 1 0 0 0 0 0 0 0
 147.366 108.028 2.0 288.0 0 0 1 0 0 0 0 0 0 0
 147.385 99.8775 2.0 81.0 0 0 1 0 0 0 0 0 0 0
 147.784 100.489 2.0 18.0 1 1 1 0 0 0 0 0 1 0
 147.877 103.3 2.0 360.0 1 0 0 0 1 0 0 0 0 0
 147.993 106.172 2.0 315.0 1 0 0 0 0 0 0 0 1 0
 148.138 105.651 2.0 288.0 0 0 1 0 0 0 0 0 0 0
 148.681 99.0807 2.0 18.0 1 0 0 0 1 0 0 0 0 0
 148.911 103.273 2.0 288.0 0 0 1 0 0 0 0 0 0 0
 149.683 100.895 2.0 288.0 0 0 1 0 0 0 0 0 0 0
 149.76 104.404 2.0 315.0 1 0 0 0 0 0 0 0 1 0
 149.854 99.4865 2.0 81.0 0 0 1 0 0 0 0 0 0 0
 150.161 101.261 2.0 18.0 1 1 1 0 0 0 0 0 1 0
 150.377 103.3 2.0 360.0 1 0 0 0 1 0 0 0 0 0
 150.456 98.5178 2.0 288.0 0 0 1 0 0 0 0 0 0 0
 150.456 98.5178 2.0 297.0 0 0 1 0 0 0 0 0 0 0
 150.456 98.5178 2.0 306.0 0 0 1 0 0 0 0 0 0 0
 150.456 98.5178 2.0 315.0 0 0 1 0 0 0 0 0 0 0
 150.456 98.5178 2.0 324.0 0 0 1 0 0 0 0 0 0 0
 150.456 98.5178 2.0 333.0 0 0 1 0 0 0 0 0 0 0
 150.456 98.5178 2.0 342.0 0 0 1 0 0 0 0 0 0 0
 150.456 98.5178 2.0 351.0 0 0 1 0 0 0 0 0 0 0
 151.058 99.8532 2.0 18.0 1 0 0 0 1 0 0 0 0 0
 151.528 102.636 2.0 315.0 1 0 0 0 0 0 0 0 1 0
 151.528 102.636 2.0 324.0 1 0 0 0 0 0 0 0 1 0
 151.528 102.636 2.0 333.0 1 0 0 0 0 0 0 0 1 0
 151.528 102.636 2.0 342.0 1 0 0 0 0 0 0 0 1 0
 151.528 102.636 2.0 351.0 1 0 0 0 0 0 0 0 1 0
 151.528 102.636 2.0 360.0 1 0 0 0 0 0 0 0 1 0
 152.324 99.0954 2.0 81.0 0 0 1 0 0 0 0 0 0 0
 152.539 102.034 2.0 18.0 1 1 1 0 0 0 0 0 1 0
 152.877 103.3 2.0 360.0 1 0 0 0 1 0 0 0 0 0
 152.956 98.5178 2.0 360.0 0 0 1 0 0 0 0 0 0 0
 153.263 128.148 2.0 99.0 1 0 0 0 0 0 0 0 0 0
 153.436 100.626 2.0 18.0 1 0 0 0 1 0 0 0 0 0
 153.654 125.679 2.0 99.0 1 0 0 0 0 0 0 0 0 0
 153.997 103.028 2.0 9.0 1 0 0 0 0 0 0 0 1 0
 154.009 105.602 2.0 72.0 0 0 1 1 0 0 0 1 0 0
 154.045 123.21 2.0 99.0 1 0 0 0 0 0 0 0 0 0
 154.436 120.741 2.0 99.0 1 0 0 0 0 0 0 0 0 0
 154.781 107.979 2.0 72.0 0 0 1 1 0 0 0 1 0 0
 154.793 98.7043 2.0 81.0 0 0 1 0 0 0 0 0 0 0
 154.827 118.272 2.0 99.0 1 0 0 0 0 0 0 0 0 0
 154.917 102.806 2.0 18.0 0 0 1 1 0 0 0 1 0 0
 154.917 102.806 2.0 27.0 0 0 1 1 0 0 0 1 0 0
 154.917 102.806 2.0 36.0 0 0 1 1 0 0 0 1 0 0
 154.917 102.806 2.0 45.0 0 0 1 1 0 0 0 1 0 0
 154.985 105.769 2.0 99.0 1 0 0 0 1 0 0 0 0 0
 154.985 108.269 2.0 90.0 1 0 0 0 1 0 0 0 0 0
 154.985 110.769 2.0 90.0 1 0 0 0 1 0 0 0 0 0
 154.985 113.269 2.0 90.0 1 0 0 0 1 0 0 0 0 0
 154.985 115.769 2.0 90.0 1 0 0 0 1 0 0 0 0 0
 154.985 118.269 2.0 90.0 1 0 0 0 1 0 0 0 0 0
 154.985 120.769 2.0 90.0 1 0 0 0 1 0 0 0 0 0
 154.985 123.269 2.0 90.0 1 0 0 0 1 0 0 0 0 0
 154.985 125.769 2.0 90.0 1 0 0 0 1 0 0 0 0 0
 154.985 128.269 2.0 90.0 1 0 0 0 1 0 0 0 0 0
 154.985 130.769 2.0 90.0 1 0 0 0 1 0 0 0 0 0
 154.985 133.269 2.0 90.0 1 0 0 0 1 0 0 0 0 0
 154.985 135.769 2.0 90.0 1 0 0 0 1 0 0 0 0 0
 154.985 138.269 2.0 90.0 1 0 0 0 1 0 0 0 0 0
 154.985 140.769 2.0 90.0 1 0 0 0 1 0 0 0 0 0
 154.985 143.269 2.0 90.0 1 0 0 0 1 0 0 0 0 0
 154.985 145.769 2.0 90.0 1 0 0 0 1 0 0 0 0 0
 154.985 148.269 2.0 90.0 1 0 0 0 1 0 0 0 0 0
 154.985 150.769 2.0 90.0 1 0 0 0 1 0 0 0 0 0
 155.184 101.174 2.0 81.0 0 0 1 0 0 0 0 0 0 0
 155.218 115.802 2.0 99.0 1 0 0 0 0 0 0 0 0 0
 155.341 131.009 2.0 99.0 1 0 0 0 0 0 0 0 0 0
 155.377 103.3 2.0 18.0 1 0 0 0 1 0 0 0 0 0
 155.377 103.3 2.0 27.0 1 0 0 0 1 0 0 0 0 0
 155.377 103.3 2.0 36.0 1 0 0 0 1 0 0 0 0 0
 155.377 103.3 2.0 360.0 1 0 0 0 1 0 0 0 0 0
 155.377 103.3 2.0 45.0 1 0 0 0 1 0 0 0 0 0
 155.377 103.3 2.0 54.0 1 0 0 0 1 0 0 0 0 0
 155.377 103.3 2.0 63.0 1 0 0 0 1 0 0 0 0 0
 155.377 103.3 2.0 72.0 1 0 0 0 1 0 0 0 0 0
 155.377 103.3 2.0 81.0 1 0 0 0 1 0 0 0 0 0
 155.377 103.3 2.0 9.0 1 0 0 0 1 0 0 0 0 0
 155.377 103.3 2.0 90.0 1 0 0 0 1 0 0 0 0 0
 155.456 98.5178 2.0 360.0 0 0 1 0 0 0 0 0 0 0
 155.485 137.543 2.0 99.0 0 0 1 1 0 0 0 0 0 0
 155.485 140.043 2.0 90.0 0 0 1 1 0 0 0 0 0 0
 155.554 110.357 2.0 72.0 0 0 1 1 0 0 0 1 0 0
 155.575 103.643 2.0 81.0 0 0 1 0 0 0 0 0 0 0
 155.609 113.333 2.0 99.0 0 0 1 0 0 0 0 0 0 0
 155.732 128.54 2.0 99.0 1 0 0 0 0 0 0 0 0 0
 155.814 101.398 2.0 18.0 0 0 1 1 0 0 0 0 0 0
 155.876 135.074 2.0 99.0 0 0 1 1 0 0 0 0 0 0
 155.876 142.513 2.0 81.0 0 0 1 1 0 0 0 0 0 0
 155.966 106.112 2.0 81.0 0 0 1 0 0 0 0 0 0 0
 156.0 110.864 2.0 99.0 0 0 1 0 0 0 0 0 0 0
 156.267 132.605 2.0 99.0 0 0 1 1 0 0 0 0 0 0
 156.267 144.982 2.0 81.0 0 0 1 1 0 0 0 0 0 0
 156.326 112.734 2.0 72.0 0 0 1 1 0 0 0 1 0 0
 156.357 108.581 2.0 81.0 0 0 1 0 0 0 0 0 0 0
 156.386 104.829 2.0 54.0 0 0 1 1 0 0 0 1 0 0
 156.386 104.829 2.0 63.0 0 0 1 1 0 0 0 1 0 0
 156.392 108.395 2.0 99.0 0 0 1 0 0 0 0 0 0 0
 156.467 103.419 2.0 18.0 1 0 0 0 0 0 0 0 1 0
 156.467 103.419 2.0 27.0 1 0 0 0 0 0 0 0 1 0
 156.467 103.419 2.0 36.0 1 0 0 0 0 0 0 0 1 0
 156.467 103.419 2.0 45.0 1 0 0 0 0 0 0 0 1 0
 156.467 103.419 2.0 54.0 1 0 0 0 0 0 0 0 1 0
 156.467 103.419 2.0 63.0 1 0 0 0 0 0 0 0 1 0
 156.467 103.419 2.0 72.0 1 0 0 0 0 0 0 0 1 0
 156.467 103.419 2.0 9.0 1 0 0 0 0 0 0 0 1 0
 156.658 130.136 2.0 99.0 0 0 1 1 0 0 0 0 0 0
 156.658 147.451 2.0 81.0 0 0 1 1 0 0 0 0 0 0
 156.748 111.05 2.0 81.0 0 0 1 0 0 0 0 0 0 0
 156.783 105.925 2.0 99.0 0 0 1 0 0 0 0 0 0 0
 156.858 105.888 2.0 81.0 1 0 0 0 0 0 0 0 1 0
 156.858 108.388 2.0 90.0 1 0 0 0 0 0 0 0 1 0
 156.858 110.888 2.0 90.0 1 0 0 0 0 0 0 0 1 0
 156.858 113.388 2.0 90.0 1 0 0 0 0 0 0 0 1 0
 156.858 115.888 2.0 90.0 1 0 0 0 0 0 0 0 1 0
 156.858 118.388 2.0 90.0 1 0 0 0 0 0 0 0 1 0
 156.858 120.888 2.0 90.0 1 0 0 0 0 0 0 0 1 0
 156.858 123.388 2.0 90.0 1 0 0 0 0 0 0 0 1 0
 156.858 125.888 2.0 90.0 1 0 0 0 0 0 0 0 1 0
 156.858 128.388 2.0 90.0 1 0 0 0 0 0 0 0 1 0
 156.858 130.888 2.0 90.0 1 0 0 0 0 0 0 0 1 0
 156.858 133.388 2.0 90.0 1 0 0 0 0 0 0 0 1 0
 156.858 135.888 2.0 90.0 1 0 0 0 0 0 0 0 1 0
 156.858 138.388 2.0 90.0 1 0 0 0 0 0 0 0 1 0
 156.858 140.888 2.0 90.0 1 0 0 0 0 0 0 0 1 0
 156.858 143.388 2.0 90.0 1 0 0 0 0 0 0 0 1 0
 156.858 145.888 2.0 90.0 1 0 0 0 0 0 0 0 1 0
 156.858 148.388 2.0 90.0 1 0 0 0 0 0 0 0 1 0
 156.858 150.888 2.0 90.0 1 0 0 0 0 0 0 0 1 0
 156.919 138.828 2.0 72.0 0 0 1 1 0 0 0 1 0 0
 157.049 127.666 2.0 99.0 0 0 1 1 0 0 0 0 0 0
 157.049 149.92 2.0 81.0 0 0 1 1 0 0 0 0 0 0
 157.099 115.112 2.0 72.0 0 0 1 1 0 0 0 1 0 0
 157.139 113.52 2.0 81.0 0 0 1 0 0 0 0 0 0 0
 157.174 103.456 2.0 99.0 0 0 1 0 0 0 0 0 0 0
 157.44 125.197 2.0 99.0 0 0 1 1 0 0 0 0 0 0
 157.44 152.389 2.0 81.0 0 0 1 1 0 0 0 0 0 0
 157.531 115.989 2.0 81.0 0 0 1 0 0 0 0 0 0 0
 157.565 100.987 2.0 99.0 0 0 1 0 0 0 0 0 0 0
 157.691 141.206 2.0 72.0 0 0 1 1 0 0 0 1 0 0
 157.81 131.4 2.0 99.0 1 0 0 0 0 0 0 0 0 0
 157.831 122.728 2.0 99.0 0 0 1 1 0 0 0 0 0 0
 157.871 117.49 2.0 72.0 0 0 1 1 0 0 0 1 0 0
 157.922 118.458 2.0 81.0 0 0 1 0 0 0 0 0 0 0
 157.956 98.5178 2.0 18.0 0 0 1 0 0 0 0 0 0 0
 157.956 98.5178 2.0 27.0 0 0 1 0 0 0 0 0 0 0
 157.956 98.5178 2.0 36.0 0 0 1 0 0 0 0 0 0 0
 157.956 98.5178 2.0 360.0 0 0 1 0 0 0 0 0 0 0
 157.956 98.5178 2.0 45.0 0 0 1 0 0 0 0 0 0 0
 157.956 98.5178 2.0 54.0 0 0 1 0 0 0 0 0 0 0
 157.956 98.5178 2.0 63.0 0 0 1 0 0 0 0 0 0 0
 157.956 98.5178 2.0 72.0 0 0 1 0 0 0 0 0 0 0
 157.956 98.5178 2.0 81.0 0 0 1 0 0 0 0 0 0 0
 157.956 98.5178 2.0 9.0 0 0 1 0 0 0 0 0 0 0
 157.956 98.5178 2.0 90.0 0 0 1 0 0 0 0 0 0 0
 158.191 102.171 2.0 18.0 0 0 1 1 0 0 0 0 0 0
 158.222 120.259 2.0 99.0 0 0 1 1 0 0 0 0 0 0
 158.313 120.927 2.0 81.0 0 0 1 0 0 0 0 0 0 0
 158.464 143.584 2.0 72.0 0 0 1 1 0 0 0 1 0 0
 158.613 117.79 2.0 99.0 0 0 1 1 0 0 0 0 0 0
 158.644 119.867 2.0 72.0 0 0 1 1 0 0 0 1 0 0
 158.704 123.397 2.0 81.0 0 0 1 0 0 0 0 0 0 0
 158.972 141.072 2.0 81.0 0 0 1 0 0 0 0 0 0 0
 159.004 115.32 2.0 99.0 0 0 1 1 0 0 0 0 0 0
 159.095 125.866 2.0 81.0 0 0 1 0 0 0 0 0 0 0
 159.236 145.961 2.0 72.0 0 0 1 1 0 0 0 1 0 0
 159.296 138.056 2.0 72.0 0 0 1 1 0 0 0 1 0 0
 159.363 143.541 2.0 81.0 0 0 1 0 0 0 0 0 0 0
 159.396 112.851 2.0 99.0 0 0 1 1 0 0 0 0 0 0
 159.416 122.245 2.0 72.0 0 0 1 1 0 0 0 1 0 0
 159.486 128.335 2.0 81.0 0 0 1 0 0 0 0 0 0 0
 159.754 146.011 2.0 81.0 0 0 1 0 0 0 0 0 0 0
 159.787 110.382 2.0 99.0 0 0 1 1 0 0 0 0 0 0
 159.877 130.804 2.0 81.0 0 0 1 0 0 0 0 0 0 0
 160.009 148.339 2.0 72.0 0 0 1 1 0 0 0 1 0 0
 160.145 148.48 2.0 81.0 0 0 1 0 0 0 0 0 0 0
 160.178 107.913 2.0 99.0 0 0 1 1 0 0 0 0 0 0
 160.189 124.623 2.0 72.0 0 0 1 1 0 0 0 1 0 0
 160.268 133.273 2.0 81.0 0 0 1 0 0 0 0 0 0 0
 160.279 131.791 2.0 99.0 1 0 0 0 0 0 0 0 0 0
 160.536 150.949 2.0 81.0 0 0 1 0 0 0 0 0 0 0
 160.569 102.943 2.0 18.0 0 0 1 1 0 0 0 0 0 0
 160.569 102.943 2.0 27.0 0 0 1 1 0 0 0 0 0 0
 160.569 102.943 2.0 36.0 0 0 1 1 0 0 0 0 0 0
 160.569 102.943 2.0 45.0 0 0 1 1 0 0 0 0 0 0
 160.569 102.943 2.0 54.0 0 0 1 1 0 0 0 0 0 0
 160.569 102.943 2.0 63.0 0 0 1 1 0 0 0 0 0 0
 160.569 102.943 2.0 72.0 0 0 1 1 0 0 0 0 0 0
 160.569 102.943 2.0 81.0 0 0 1 1 0 0 0 0 0 0
 160.569 105.443 2.0 90.0 0 0 1 1 0 0 0 0 0 0
 160.659 135.743 2.0 81.0 0 0 1 0 0 0 0 0 0 0
 160.781 150.717 2.0 72.0 0 0 1 1 0 0 0 1 0 0
 160.961 127.0 2.0 72.0 0 0 1 1 0 0 0 1 0 0
 161.05 138.212 2.0 81.0 0 0 1 0 0 0 0 0 0 0
 161.441 140.681 2.0 81.0 0 0 1 0 0 0 0 0 0 0
 161.674 137.283 2.0 72.0 0 0 1 1 0 0 0 1 0 0
 161.734 129.378 2.0 72.0 0 0 1 1 0 0 0 1 0 0
 162.089 152.327 2.0 99.0 1 0 0 0 0 0 0 0 0 0
 162.48 149.858 2.0 99.0 1 0 0 0 0 0 0 0 0 0
 162.506 131.756 2.0 72.0 0 0 1 1 0 0 0 1 0 0
 162.749 132.182 2.0 99.0 1 0 0 0 0 0 0 0 0 0
 162.871 147.388 2.0 99.0 1 0 0 0 0 0 0 0 0 0
 163.262 144.919 2.0 99.0 1 0 0 0 0 0 0 0 0 0
 163.279 134.133 2.0 72.0 0 0 1 1 0 0 0 1 0 0
 163.654 142.45 2.0 99.0 1 0 0 0 0 0 0 0 0 0
 164.045 139.981 2.0 99.0 1 0 0 0 0 0 0 0 0 0
 164.051 136.511 2.0 72.0 0 0 1 1 0 0 0 1 0 0
 164.436 137.512 2.0 99.0 1 0 0 0 0 0 0 0 0 0
 164.827 135.042 2.0 99.0 1 0 0 0 0 0 0 0 0 0
 165.218 132.573 2.0 99.0 1 0 0 0 0 0 0 0 0 0
