 22.0767 118.716 2.0 126.0 0 1 0 0 0 0 0 0 1 0
 22.0767 118.716 2.0 135.0 0 1 0 0 0 0 0 0 1 0
 22.0767 118.716 2.0 144.0 0 1 0 0 0 0 0 0 1 0
 22.0767 118.716 2.0 153.0 0 1 0 0 0 0 0 0 1 0
 22.0767 118.716 2.0 162.0 0 1 0 0 0 0 0 0 1 0
 22.0767 118.716 2.0 171.0 0 1 0 0 0 0 0 0 1 0
 22.0767 118.716 2.0 180.0 0 1 0 0 0 0 0 0 1 0
 22.0767 118.716 2.0 189.0 0 1 0 0 0 0 0 0 1 0
 22.0767 118.716 2.0 198.0 0 1 0 0 0 0 0 0 1 0
 22.0767 118.716 2.0 207.0 0 1 0 0 0 0 0 0 1 0
 22.0767 118.716 2.0 216.0 0 1 0 0 0 0 0 0 1 0
 24.0993 120.186 2.0 216.0 0 1 0 0 0 0 0 0 1 0
 24.3042 119.851 2.0 108.0 0 1 0 0 0 0 0 0 0 0
 24.3042 119.851 2.0 117.0 0 1 0 0 0 0 0 0 1 0
 24.3042 119.851 2.0 18.0 0 1 0 0 0 0 0 0 0 0
 24.3042 119.851 2.0 27.0 0 1 0 0 0 0 0 0 0 0
 24.3042 119.851 2.0 36.0 0 1 0 0 0 0 0 0 0 0
 24.3042 119.851 2.0 45.0 0 1 0 0 0 0 0 0 0 0
 24.3042 119.851 2.0 54.0 0 1 0 0 0 0 0 0 0 0
 24.3042 119.851 2.0 63.0 0 1 0 0 0 0 0 0 0 0
 24.3042 119.851 2.0 72.0 0 1 0 0 0 0 0 0 0 0
 24.3042 119.851 2.0 81.0 0 1 0 0 0 0 0 0 0 0
 24.3042 119.851 2.0 90.0 0 1 0 0 0 0 0 0 0 0
 24.3042 119.851 2.0 99.0 0 1 0 0 0 0 0 0 0 0
 26.1218 121.655 2.0 216.0 0 1 0 0 0 0 0 0 1 0
 26.7735 120.242 2.0 9.0 0 1 0 0 0 0 0 0 0 0
 27.5 20.0 2.0 0.0 0 0 0 0 0 0 0 0 0 0
 27.5 20.0 2.0 0.0 0 0 0 0 0 0 1 0 0 0
 27.5 20.0 2.0 0.0 0 0 0 1 0 0 0 0 0 0
 27.5 20.0 2.0 0.0 0 0 1 1 0 0 0 0 0 0
 27.5 20.0 2.0 0.0 1 0 0 0 0 0 0 0 1 0
 28.1443 123.125 2.0 216.0 0 1 0 0 0 0 0 0 1 0
 29.2427 120.633 2.0 9.0 0 1 0 0 0 0 0 0 0 0
 30.0 20.0 2.0 0.0 0 0 0 0 0 0 0 0 0 0
 30.0 20.0 2.0 0.0 0 0 0 0 0 0 1 0 0 0
 30.0 20.0 2.0 0.0 0 0 0 1 0 0 0 0 0 0
 30.0 20.0 2.0 0.0 0 0 1 1 0 0 0 0 0 0
 30.0 20.0 2.0 0.0 1 0 0 0 0 0 0 0 1 0
 30.0879 113.442 2.0 108.0 0 1 0 0 0 0 0 0 0 0
 30.0879 113.442 2.0 117.0 0 1 0 0 0 0 0 0 0 0
 30.0879 113.442 2.0 126.0 0 1 0 0 0 0 0 0 0 0
 30.0879 113.442 2.0 135.0 0 1 0 0 0 0 0 0 0 0
 30.0879 113.442 2.0 144.0 0 1 0 0 0 0 0 0 0 0
 30.0879 113.442 2.0 153.0 0 1 0 0 0 0 0 0 0 0
 30.0879 113.442 2.0 36.0 0 1 0 0 0 0 0 0 0 0
 30.0879 113.442 2.0 45.0 0 1 0 0 0 0 0 0 0 0
 30.0879 113.442 2.0 54.0 0 1 0 0 0 0 0 0 0 0
 30.0879 113.442 2.0 63.0 0 1 0 0 0 0 0 0 0 0
 30.0879 113.442 2.0 72.0 0 1 0 0 0 0 0 0 0 0
 30.0879 113.442 2.0 81.0 0 1 0 0 0 0 0 0 0 0
 30.0879 113.442 2.0 90.0 0 1 0 0 0 0 0 0 0 0
 30.0879 113.442 2.0 99.0 0 1 0 0 0 0 0 0 0 0
 30.1669 124.594 2.0 216.0 0 1 0 0 0 0 0 0 1 0
 31.7119 121.024 2.0 9.0 0 1 0 0 0 0 0 0 0 0
 32.1894 126.064 2.0 216.0 0 1 0 0 0 0 0 0 1 0
 32.3155 112.307 2.0 126.0 0 1 0 0 0 0 0 0 0 0
 32.3155 112.307 2.0 135.0 0 1 0 0 0 0 0 0 0 0
 32.3155 112.307 2.0 144.0 0 1 0 0 0 0 0 0 0 0
 32.3155 114.577 2.0 27.0 0 1 0 0 0 0 0 0 0 0
 32.5 100.0 2.0 0.0 1 0 0 0 0 0 0 0 0 0
 32.5 102.5 2.0 0.0 1 0 0 0 0 0 0 0 0 0
 32.5 105.0 2.0 0.0 1 0 0 0 0 0 0 0 0 0
 32.5 107.5 2.0 0.0 0 0 0 0 0 0 0 0 0 0
 32.5 110.0 2.0 0.0 0 0 0 0 0 0 0 0 0 0
 32.5 112.5 2.0 0.0 0 0 0 0 0 0 0 0 0 0
 32.5 115.0 2.0 0.0 0 0 0 0 0 0 0 0 0 0
 32.5 117.5 2.0 0.0 0 0 0 0 0 0 0 0 0 0
 32.5 120.0 2.0 0.0 0 0 0 0 0 0 0 0 0 0
 32.5 122.5 2.0 0.0 0 0 0 0 0 0 0 0 0 0
 32.5 125.0 2.0 0.0 0 0 0 0 0 0 0 0 0 0
 32.5 127.5 2.0 0.0 0 0 0 0 0 0 0 0 0 0
 32.5 130.0 2.0 0.0 0 0 0 0 0 0 0 0 0 0
 32.5 132.5 2.0 0.0 0 0 0 0 0 0 0 0 0 0
 32.5 132.5 2.0 0.0 0 1 1 0 0 0 0 0 0 0
 32.5 135.0 2.0 0.0 0 0 0 0 0 0 0 0 0 0
 32.5 135.0 2.0 0.0 0 1 1 0 0 0 0 0 0 0
 32.5 137.5 2.0 0.0 0 0 0 0 0 0 0 0 0 0
 32.5 137.5 2.0 0.0 0 1 1 0 0 0 0 0 0 0
 32.5 140.0 2.0 0.0 0 0 0 0 0 0 0 0 0 0
 32.5 142.5 2.0 0.0 0 0 0 0 0 0 0 0 0 0
 32.5 145.0 2.0 0.0 0 0 0 0 0 0 0 0 0 0
 32.5 20.0 2.0 0.0 0 0 0 0 0 0 0 0 0 0
 32.5 20.0 2.0 0.0 0 0 0 0 0 0 1 0 0 0
 32.5 20.0 2.0 0.0 0 0 0 1 0 0 0 0 0 0
 32.5 20.0 2.0 0.0 0 0 1 1 0 0 0 0 0 0
 32.5 20.0 2.0 0.0 1 0 0 0 0 0 0 0 1 0
 32.5 82.5 2.0 0.0 0 0 0 0 0 0 0 0 0 0
 32.5 85.0 2.0 0.0 0 0 0 0 0 0 0 0 0 0
 32.5 87.5 2.0 0.0 1 0 0 0 0 0 0 0 0 0
 32.5 90.0 2.0 0.0 1 0 0 0 0 0 0 0 0 0
 32.5 92.5 2.0 0.0 1 0 0 0 0 0 0 0 0 0
 32.5 95.0 2.0 0.0 1 0 0 0 0 0 0 0 0 0
 32.5 97.5 2.0 0.0 1 0 0 0 0 0 0 0 0 0
 32.6669 132.288 2.0 108.0 0 0 0 1 0 0 0 0 0 0
 33.1994 98.2888 2.0 108.0 0 0 0 0 1 0 0 0 0 0
 33.4394 129.911 2.0 108.0 0 0 0 1 0 0 0 0 0 0
 33.7849 110.285 2.0 126.0 0 1 0 0 0 0 0 0 0 0
 33.9719 95.9111 2.0 108.0 0 0 0 0 1 0 0 0 0 0
 34.1811 121.416 2.0 9.0 0 1 0 0 0 0 0 0 0 0
 34.212 127.533 2.0 108.0 0 0 0 1 0 0 0 0 0 0
 34.212 127.533 2.0 117.0 0 1 0 0 0 0 0 0 1 0
 34.212 127.533 2.0 126.0 0 1 0 0 0 0 0 0 1 0
 34.212 127.533 2.0 135.0 0 1 0 0 0 0 0 0 1 0
 34.212 127.533 2.0 144.0 0 1 0 0 0 0 0 0 1 0
 34.212 127.533 2.0 153.0 0 1 0 0 0 0 0 0 1 0
 34.212 127.533 2.0 162.0 0 1 0 0 0 0 0 0 1 0
 34.212 127.533 2.0 171.0 0 1 0 0 0 0 0 0 1 0
 34.212 127.533 2.0 180.0 0 1 0 0 0 0 0 0 1 0
 34.212 127.533 2.0 189.0 0 1 0 0 0 0 0 0 1 0
 34.212 127.533 2.0 198.0 0 1 0 0 0 0 0 0 1 0
 34.212 127.533 2.0 207.0 0 1 0 0 0 0 0 0 1 0
 34.543 115.712 2.0 27.0 0 1 0 0 0 0 0 0 0 0
 34.7444 93.5335 2.0 108.0 0 0 0 0 1 0 0 0 0 0
 34.9845 125.155 2.0 108.0 0 0 0 1 0 0 0 0 0 0
 35.0 137.5 2.0 0.0 0 1 1 0 0 0 0 0 0 0
 35.0 20.0 2.0 0.0 0 0 0 0 0 0 0 0 0 0
 35.0 20.0 2.0 0.0 0 0 0 0 0 0 1 0 0 0
 35.0 20.0 2.0 0.0 0 0 0 1 0 0 0 0 0 0
 35.0 20.0 2.0 0.0 0 0 1 1 0 0 0 0 0 0
 35.0 20.0 2.0 0.0 1 0 0 0 0 0 0 0 1 0
 35.0 85.0 2.0 0.0 0 0 0 0 0 0 0 0 0 0
 35.0445 133.061 2.0 108.0 0 0 0 1 0 0 0 0 0 0
 35.2544 108.262 2.0 126.0 0 1 0 0 0 0 0 0 0 0
 35.517 91.1558 2.0 108.0 0 0 0 0 1 0 0 0 0 0
 35.577 99.0613 2.0 108.0 0 0 0 0 1 0 0 0 0 0
 35.7571 122.778 2.0 108.0 0 0 0 1 0 0 0 0 0 0
 36.2895 88.7782 2.0 108.0 0 0 0 0 1 0 0 0 0 0
 36.5296 120.4 2.0 108.0 0 0 0 1 0 0 0 0 0 0
 36.6503 121.807 2.0 9.0 0 1 0 0 0 0 0 0 0 0
 36.7239 106.24 2.0 108.0 0 1 0 0 0 0 0 0 0 0
 36.7239 106.24 2.0 117.0 0 1 0 0 0 0 0 0 0 0
 36.7239 106.24 2.0 99.0 1 0 0 0 0 0 0 0 0 0
 36.7705 116.847 2.0 27.0 0 1 0 0 0 0 0 0 0 0
 37.0621 86.4006 2.0 108.0 0 0 0 0 1 0 0 0 0 0
 37.1149 103.771 2.0 99.0 1 0 0 0 0 0 0 0 0 0
 37.3021 118.022 2.0 108.0 0 0 0 1 0 0 0 0 0 0
 37.5 100.0 2.0 0.0 1 0 0 0 0 1 0 0 0 0
 37.5 102.5 2.0 0.0 1 0 0 0 0 1 0 0 0 0
 37.5 105.0 2.0 0.0 1 0 0 0 0 1 0 0 0 0
 37.5 107.5 2.0 0.0 0 0 0 0 0 0 1 0 0 0
 37.5 110.0 2.0 0.0 0 0 0 0 0 0 1 0 0 0
 37.5 112.5 2.0 0.0 0 0 0 0 0 0 1 0 0 0
 37.5 115.0 2.0 0.0 0 0 0 0 0 0 1 0 0 0
 37.5 117.5 2.0 0.0 0 0 0 0 0 0 1 0 0 0
 37.5 120.0 2.0 0.0 0 0 0 0 0 0 1 0 0 0
 37.5 125.0 2.0 0.0 0 0 1 0 0 0 0 0 0 0
 37.5 127.5 2.0 0.0 0 0 1 0 0 0 0 0 0 0
 37.5 130.0 2.0 0.0 0 0 1 0 0 0 0 0 0 0
 37.5 132.5 2.0 0.0 0 1 1 0 0 0 0 0 0 0
 37.5 135.0 2.0 0.0 0 1 1 0 0 0 0 0 0 0
 37.5 137.5 2.0 0.0 0 1 1 0 0 0 0 0 0 0
 37.5 20.0 2.0 0.0 0 0 0 0 0 0 0 0 0 0
 37.5 20.0 2.0 0.0 0 0 0 0 0 0 1 0 0 0
 37.5 20.0 2.0 0.0 0 0 0 1 0 0 0 0 0 0
 37.5 20.0 2.0 0.0 0 0 1 1 0 0 0 0 0 0
 37.5 20.0 2.0 0.0 1 0 0 0 0 0 0 0 1 0
 37.5 85.0 2.0 0.0 0 0 0 0 0 0 0 0 0 0
 37.5 85.0 2.0 0.0 1 0 0 0 0 1 0 0 0 0
 37.5 87.5 2.0 0.0 1 0 0 0 0 1 0 0 0 0
 37.5 90.0 2.0 0.0 1 0 0 0 0 1 0 0 0 0
 37.5 92.5 2.0 0.0 1 0 0 0 0 1 0 0 0 0
 37.5 95.0 2.0 0.0 1 0 0 0 0 1 0 0 0 0
 37.5 97.5 2.0 0.0 1 0 0 0 0 1 0 0 0 0
 37.506 101.301 2.0 99.0 1 0 0 0 0 0 0 0 0 0
 37.5436 101.668 2.0 108.0 0 1 1 0 0 0 0 0 1 0
 37.5436 101.668 2.0 90.0 0 1 1 0 0 0 0 0 1 0
 37.5436 101.668 2.0 99.0 0 1 1 0 0 0 0 0 1 0
 37.8346 84.0229 2.0 108.0 0 0 0 0 1 0 0 0 0 0
 37.8971 98.8321 2.0 99.0 1 0 0 0 0 0 0 0 0 0
 37.9347 104.138 2.0 81.0 0 1 1 0 0 0 0 0 1 0
 37.9546 99.8338 2.0 108.0 0 0 0 0 1 0 0 0 0 0
 38.0747 115.645 2.0 108.0 0 0 0 1 0 0 0 0 0 0
 38.2882 96.3629 2.0 99.0 1 0 0 0 0 0 0 0 0 0
 38.3161 99.2908 2.0 108.0 0 1 1 0 0 0 0 0 1 0
 38.3258 106.607 2.0 81.0 0 1 1 0 0 0 0 0 1 0
 38.6072 81.6453 2.0 108.0 0 0 0 0 1 0 0 0 0 0
 38.6604 115.937 2.0 45.0 0 1 0 0 0 0 0 0 0 0
 38.6604 115.937 2.0 54.0 0 1 0 0 0 0 0 0 0 0
 38.6604 115.937 2.0 63.0 0 1 0 0 0 0 0 0 0 0
 38.6604 115.937 2.0 72.0 0 1 0 0 0 0 0 0 0 0
 38.6604 115.937 2.0 81.0 0 1 0 0 0 0 0 0 0 0
 38.6604 115.937 2.0 90.0 0 1 0 0 0 0 0 0 0 0
 38.6604 115.937 2.0 99.0 0 1 0 0 0 0 0 0 0 0
 38.6793 93.8937 2.0 99.0 1 0 0 0 0 0 0 0 0 0
 38.7169 109.076 2.0 63.0 0 1 1 0 0 0 0 0 1 0
 38.7169 109.076 2.0 72.0 0 1 1 0 0 0 0 0 1 0
 38.7169 109.076 2.0 81.0 0 1 1 0 0 0 0 0 1 0
 38.8472 113.267 2.0 108.0 0 0 0 1 0 0 0 0 0 0
 38.998 117.982 2.0 27.0 0 1 0 0 0 0 0 0 0 0
 39.0515 113.468 2.0 99.0 0 1 0 0 0 0 0 0 0 0
 39.0704 91.4245 2.0 99.0 1 0 0 1 0 0 0 0 0 0
 39.0887 96.9132 2.0 108.0 0 1 1 0 0 0 0 0 1 0
 39.1196 122.198 2.0 9.0 0 1 0 0 0 0 0 0 0 0
 39.3797 79.2676 2.0 117.0 0 0 0 0 1 0 0 0 0 0
 39.3797 79.2676 2.0 126.0 0 0 0 0 1 0 0 0 0 0
 39.3797 79.2676 2.0 135.0 0 0 0 0 1 0 0 0 0 0
 39.3797 79.2676 2.0 144.0 0 0 0 0 1 0 0 0 0 0
 39.3797 79.2676 2.0 153.0 0 0 0 0 1 0 0 0 0 0
 39.3797 79.2676 2.0 162.0 0 0 0 0 1 0 0 0 0 0
 39.3797 79.2676 2.0 171.0 0 0 0 0 1 0 0 0 0 0
 39.3797 79.2676 2.0 180.0 0 0 0 0 0 0 0 0 0 0
 39.3797 79.2676 2.0 189.0 0 0 0 0 0 0 0 0 0 0
 39.3797 79.2676 2.0 198.0 0 0 0 0 0 0 0 0 0 0
 39.3797 79.2676 2.0 207.0 0 0 0 0 0 0 0 0 0 0
 39.3797 79.2676 2.0 216.0 0 0 0 0 0 0 0 0 0 0
 39.3797 79.2676 2.0 225.0 0 0 0 0 0 0 0 0 0 0
 39.3797 79.2676 2.0 234.0 0 0 0 0 0 0 0 0 0 0
 39.3797 79.2676 2.0 243.0 0 0 0 0 0 0 0 0 0 0
 39.3797 79.2676 2.0 243.0 0 0 1 0 0 0 0 1 0 0
 39.3797 79.2676 2.0 252.0 0 0 0 0 0 0 0 0 0 0
 39.3797 79.2676 2.0 252.0 0 0 1 0 0 0 0 1 0 0
 39.3797 79.2676 2.0 261.0 0 0 0 0 0 0 0 0 0 0
 39.4426 110.999 2.0 99.0 0 1 0 0 0 0 0 0 0 0
 39.4615 88.9552 2.0 108.0 1 0 0 1 0 0 0 0 0 0
 39.4615 88.9552 2.0 117.0 1 0 0 1 0 0 0 0 0 0
 39.4615 88.9552 2.0 126.0 0 0 0 0 0 0 0 0 0 0
 39.4615 88.9552 2.0 135.0 0 0 0 0 0 0 0 0 0 0
 39.6198 110.889 2.0 108.0 0 0 0 1 0 0 0 0 0 0
 39.8336 108.53 2.0 99.0 0 1 0 0 0 0 0 0 0 0
 39.8612 94.5356 2.0 108.0 0 1 1 0 0 0 0 0 1 0
 40.0 120.0 2.0 0.0 0 0 0 0 0 0 1 0 0 0
 40.0 125.0 2.0 0.0 0 0 1 0 0 0 0 0 0 0
 40.0 20.0 2.0 0.0 0 0 0 0 0 0 0 0 0 0
 40.0 20.0 2.0 0.0 0 0 0 0 0 0 1 0 0 0
 40.0 20.0 2.0 0.0 0 0 1 1 0 0 0 0 0 0
 40.0 20.0 2.0 0.0 1 0 0 0 0 0 0 0 0 0
 40.0 20.0 2.0 0.0 1 0 0 0 0 0 0 0 1 0
 40.0 85.0 2.0 0.0 0 0 0 0 0 0 0 0 0 0
 40.0 85.0 2.0 0.0 1 0 0 0 0 1 0 0 0 0
 40.1863 111.099 2.0 54.0 0 1 1 0 0 0 0 0 1 0
 40.2247 106.06 2.0 99.0 0 1 0 0 0 0 0 0 0 0
 40.3323 100.606 2.0 108.0 0 0 0 1 0 0 0 0 0 0
 40.3923 108.512 2.0 108.0 0 0 0 1 0 0 0 0 0 0
 40.5147 81.4952 2.0 243.0 0 0 1 0 0 0 0 1 0 0
 40.6158 103.591 2.0 99.0 0 1 0 0 0 0 0 0 0 0
 40.6338 92.1579 2.0 108.0 0 1 1 0 0 0 0 0 1 0
 40.6829 117.407 2.0 36.0 0 1 0 0 0 0 0 0 0 0
 41.0069 101.122 2.0 99.0 0 1 0 0 0 0 0 0 0 0
 41.1648 106.134 2.0 108.0 0 0 0 1 0 0 0 0 0 0
 41.2255 119.117 2.0 27.0 0 1 0 0 0 0 0 0 0 0
 41.2292 87.1875 2.0 135.0 0 0 0 0 0 0 0 0 0 0
 41.398 98.6528 2.0 99.0 0 0 0 1 0 0 0 0 0 0
 41.4063 89.7803 2.0 108.0 0 1 1 0 0 0 0 0 1 0
 41.5888 122.589 2.0 9.0 0 1 0 0 0 0 0 0 0 0
 41.6496 83.7227 2.0 108.0 0 1 0 0 0 0 0 0 0 0
 41.6496 83.7227 2.0 117.0 0 1 0 0 0 0 0 0 0 0
 41.6496 83.7227 2.0 126.0 0 0 1 0 0 0 0 1 0 0
 41.6496 83.7227 2.0 135.0 0 0 1 0 0 0 0 1 0 0
 41.6496 83.7227 2.0 144.0 0 0 1 0 0 0 0 1 0 0
 41.6496 83.7227 2.0 153.0 0 0 1 0 0 0 0 1 0 0
 41.6496 83.7227 2.0 162.0 0 0 1 0 0 0 0 1 0 0
 41.6496 83.7227 2.0 171.0 0 0 1 0 0 0 0 1 0 0
 41.6496 83.7227 2.0 180.0 0 0 1 0 0 0 0 1 0 0
 41.6496 83.7227 2.0 189.0 0 0 1 0 0 0 0 1 0 0
 41.6496 83.7227 2.0 198.0 0 0 1 0 0 0 0 1 0 0
 41.6496 83.7227 2.0 207.0 0 0 1 0 0 0 0 1 0 0
 41.6496 83.7227 2.0 216.0 0 0 1 0 0 0 0 1 0 0
 41.6496 83.7227 2.0 225.0 0 0 1 0 0 0 0 1 0 0
 41.6496 83.7227 2.0 234.0 0 0 1 0 0 0 0 1 0 0
 41.6496 83.7227 2.0 99.0 0 1 0 0 0 0 0 0 0 0
 41.6558 113.121 2.0 54.0 0 1 1 0 0 0 0 0 1 0
 41.7891 96.1835 2.0 99.0 0 0 0 1 0 0 0 0 0 0
 41.9374 103.757 2.0 108.0 0 0 0 1 0 0 0 0 0 0
 42.0407 81.2534 2.0 99.0 0 1 0 0 0 0 0 0 0 0
 42.1788 87.4026 2.0 108.0 0 1 1 0 0 0 0 0 1 0
 42.1802 93.7143 2.0 99.0 0 0 0 1 0 0 0 0 0 0
 42.5 120.0 2.0 0.0 0 0 0 0 0 0 1 0 0 0
 42.5 125.0 2.0 0.0 0 0 1 0 0 0 0 0 0 0
 42.5 20.0 2.0 0.0 0 0 0 0 0 0 0 0 0 0
 42.5 20.0 2.0 0.0 0 0 0 0 0 0 1 0 0 0
 42.5 20.0 2.0 0.0 0 0 1 1 0 0 0 0 0 0
 42.5 20.0 2.0 0.0 1 0 0 0 0 0 0 0 0 0
 42.5 20.0 2.0 0.0 1 0 0 0 0 0 0 0 1 0
 42.5 85.0 2.0 0.0 0 0 0 0 0 0 0 1 0 0
 42.5 85.0 2.0 0.0 1 0 0 0 0 1 0 0 0 0
 42.5712 91.2451 2.0 99.0 0 0 0 1 0 0 0 0 0 0
 42.7055 118.876 2.0 36.0 0 1 0 0 0 0 0 0 0 0
 42.7099 101.379 2.0 108.0 0 0 0 1 0 0 0 0 0 0
 42.9514 85.025 2.0 117.0 0 1 1 0 0 0 0 0 1 0
 42.9623 88.7759 2.0 108.0 0 0 0 1 0 0 0 0 0 0
 42.9623 88.7759 2.0 117.0 0 0 0 1 0 0 0 0 0 0
 42.9623 88.7759 2.0 126.0 0 0 0 1 0 0 0 0 0 0
 42.9623 88.7759 2.0 135.0 0 0 0 1 0 0 0 0 0 0
 42.997 85.4197 2.0 135.0 0 0 0 0 0 0 0 0 0 0
 43.1253 115.144 2.0 54.0 0 1 1 0 0 0 0 0 1 0
 43.453 120.252 2.0 27.0 0 1 0 0 0 0 0 0 0 0
 44.058 122.98 2.0 9.0 0 1 0 0 0 0 0 0 0 0
 44.0864 82.7975 2.0 117.0 0 1 1 0 0 0 0 0 1 0
 44.51 81.6445 2.0 99.0 0 1 0 0 0 0 0 0 0 0
 44.5947 117.166 2.0 54.0 0 1 1 0 0 0 0 0 1 0
 44.728 120.346 2.0 36.0 0 1 0 0 0 0 0 0 0 0
 44.7301 87.0081 2.0 135.0 0 0 0 1 0 0 0 0 0 0
 44.7648 83.6519 2.0 135.0 0 0 0 0 0 0 0 0 0 0
 45.0 120.0 2.0 0.0 0 0 0 0 0 0 1 0 0 0
 45.0 125.0 2.0 0.0 0 0 1 0 0 0 0 0 0 0
 45.0 20.0 2.0 0.0 0 0 0 0 0 0 0 0 0 0
 45.0 20.0 2.0 0.0 0 0 0 0 0 0 1 0 0 0
 45.0 20.0 2.0 0.0 0 0 1 1 0 0 0 0 0 0
 45.0 20.0 2.0 0.0 1 0 0 0 0 0 0 0 0 0
 45.0 20.0 2.0 0.0 1 0 0 0 0 0 0 0 1 0
 45.0 85.0 2.0 0.0 0 0 0 0 0 0 0 1 0 0
 45.0 85.0 2.0 0.0 1 0 0 0 0 1 0 0 0 0
 45.2213 80.57 2.0 117.0 0 1 1 0 0 0 0 0 1 0
 45.6806 121.387 2.0 27.0 0 1 0 0 0 0 0 0 0 0
 46.0642 119.189 2.0 54.0 0 1 1 0 0 0 0 0 1 0
 46.3563 78.3425 2.0 126.0 0 1 1 0 0 0 0 0 1 0
 46.3563 78.3425 2.0 135.0 0 1 1 0 0 0 0 0 1 0
 46.3563 78.3425 2.0 144.0 0 1 1 0 0 0 0 0 1 0
 46.4979 85.2403 2.0 135.0 0 0 0 1 0 0 0 0 0 0
 46.5272 123.371 2.0 9.0 0 1 0 0 0 0 0 0 0 0
 46.5325 81.8842 2.0 135.0 0 0 0 0 0 0 0 0 0 0
 46.7505 121.815 2.0 36.0 0 1 0 0 0 0 0 0 0 0
 46.9792 82.0356 2.0 99.0 0 1 0 0 0 0 0 0 0 0
 47.5 120.0 2.0 0.0 0 0 0 0 0 0 1 0 0 0
 47.5 125.0 2.0 0.0 0 0 1 0 0 0 0 0 0 0
 47.5 20.0 2.0 0.0 0 0 0 0 0 0 0 0 0 0
 47.5 20.0 2.0 0.0 0 0 0 0 0 0 1 0 0 0
 47.5 20.0 2.0 0.0 0 0 1 1 0 0 0 0 0 0
 47.5 20.0 2.0 0.0 1 0 0 0 0 0 0 0 0 0
 47.5 20.0 2.0 0.0 1 0 0 0 0 0 0 0 1 0
 47.5 85.0 2.0 0.0 0 0 0 0 0 0 0 0 0 0
 47.5 85.0 2.0 0.0 0 0 0 0 0 0 0 1 0 0
 47.5336 121.211 2.0 54.0 0 1 1 0 0 0 0 0 1 0
 47.9081 122.522 2.0 27.0 0 0 0 0 0 0 0 0 0 0
 48.2656 83.4726 2.0 117.0 0 0 0 1 0 0 0 0 0 0
 48.2656 83.4726 2.0 126.0 0 0 0 1 0 0 0 0 0 0
 48.2656 83.4726 2.0 135.0 0 0 0 1 0 0 0 0 0 0
 48.2656 83.4726 2.0 144.0 0 0 0 1 0 0 0 0 0 0
 48.2656 83.4726 2.0 153.0 0 0 0 1 0 0 0 0 0 0
 48.2656 83.4726 2.0 162.0 0 0 0 1 0 0 0 0 0 0
 48.2656 83.4726 2.0 171.0 0 0 0 1 0 0 0 0 0 0
 48.3003 80.1164 2.0 135.0 0 0 0 0 0 0 0 0 0 0
 48.3789 76.873 2.0 144.0 0 1 1 0 0 0 0 0 1 0
 48.7731 123.285 2.0 36.0 0 1 0 0 0 0 0 0 0 0
 48.9964 123.762 2.0 9.0 0 1 0 0 0 0 0 0 0 0
 49.0031 123.234 2.0 54.0 0 1 1 0 0 0 0 0 1 0
 49.4006 81.245 2.0 117.0 0 0 0 1 0 0 0 0 0 0
 49.4484 82.4267 2.0 99.0 0 1 0 0 0 0 0 0 0 0
 50.0 120.0 2.0 0.0 0 0 0 0 0 0 1 0 0 0
 50.0 125.0 2.0 0.0 0 0 1 0 0 0 0 0 0 0
 50.0 20.0 2.0 0.0 0 0 0 0 0 0 0 0 0 0
 50.0 20.0 2.0 0.0 0 0 0 0 0 0 1 0 0 0
 50.0 20.0 2.0 0.0 0 0 1 1 0 0 0 0 0 0
 50.0 20.0 2.0 0.0 1 0 0 0 0 0 0 0 0 0
 50.0 20.0 2.0 0.0 1 0 0 0 0 0 0 0 1 0
 50.0 20.0 2.0 9.0 1 0 1 0 0 0 0 0 1 0
 50.0 85.0 2.0 0.0 0 0 0 0 0 0 0 0 0 0
 50.0 85.0 2.0 0.0 0 0 0 0 0 0 0 1 0 0
 50.0681 78.3486 2.0 135.0 0 0 0 0 0 0 0 0 0 0
 50.1356 123.657 2.0 27.0 0 0 0 0 0 0 0 0 0 0
 50.4014 75.4035 2.0 144.0 0 1 1 0 0 0 0 0 1 0
 50.4726 125.257 2.0 54.0 0 1 1 0 0 0 0 0 1 0
 50.5356 79.0175 2.0 117.0 0 1 0 1 0 0 0 0 0 1
 50.7956 124.754 2.0 36.0 0 1 0 0 0 0 0 0 0 0
 51.4657 124.153 2.0 9.0 0 1 0 0 0 0 0 0 0 0
 51.6706 76.79 2.0 117.0 0 1 0 1 0 0 0 0 0 1
 51.8358 76.5808 2.0 135.0 0 0 0 0 0 0 0 0 0 0
 51.9176 82.8178 2.0 99.0 0 1 0 0 0 0 0 0 0 0
 51.942 127.279 2.0 54.0 0 1 1 0 0 0 0 0 1 0
 52.3631 124.792 2.0 27.0 0 0 0 0 0 0 0 0 0 0
 52.3776 20.7725 2.0 0.0 1 0 1 0 0 0 0 0 1 0
 52.3776 20.7725 2.0 18.0 1 0 1 0 0 0 0 0 1 0
 52.3776 20.7725 2.0 9.0 1 0 1 0 0 0 0 0 1 0
 52.4239 73.9341 2.0 144.0 0 1 1 0 0 0 0 0 1 0
 52.5 120.0 2.0 0.0 1 0 0 0 0 1 0 0 0 0
 52.5 125.0 2.0 0.0 1 0 1 0 0 0 0 0 0 0
 52.5 20.0 2.0 0.0 0 0 0 0 0 0 0 0 0 0
 52.5 20.0 2.0 0.0 0 0 0 0 0 0 1 0 0 0
 52.5 20.0 2.0 0.0 1 0 0 0 0 0 0 0 0 0
 52.5 20.0 2.0 0.0 1 0 0 0 0 0 0 0 1 0
 52.5 20.0 2.0 0.0 1 0 0 0 0 1 0 0 0 0
 52.5 52.5 2.0 0.0 1 0 0 0 0 1 0 0 0 0
 52.5 55.0 2.0 0.0 1 0 0 0 0 1 0 0 0 0
 52.5 57.5 2.0 0.0 1 0 0 0 0 1 0 0 0 0
 52.5 60.0 2.0 0.0 1 0 0 0 0 1 0 0 0 0
 52.5 62.5 2.0 0.0 0 0 0 0 0 0 0 1 0 0
 52.5 65.0 2.0 0.0 0 0 0 0 0 0 0 1 0 0
 52.5 67.5 2.0 0.0 0 0 0 0 0 0 0 1 0 0
 52.5 70.0 2.0 0.0 0 0 0 0 0 0 0 1 0 0
 52.5 72.5 2.0 0.0 0 0 0 0 0 0 0 1 0 0
 52.5 75.0 2.0 0.0 0 0 0 0 0 0 0 1 0 0
 52.5 77.5 2.0 0.0 0 0 0 0 0 0 0 1 0 0
 52.5 80.0 2.0 0.0 0 0 0 0 0 0 0 1 0 0
 52.5 82.5 2.0 0.0 0 0 0 0 0 0 0 1 0 0
 52.5 85.0 2.0 0.0 0 0 0 0 0 0 0 0 0 0
 52.5 85.0 2.0 0.0 0 0 0 0 0 0 0 1 0 0
 52.8055 74.5625 2.0 117.0 0 1 0 1 0 0 0 0 0 1
 52.8182 126.224 2.0 36.0 0 1 0 0 0 0 0 0 0 0
 53.4115 129.302 2.0 54.0 0 0 1 1 0 0 0 0 0 0
 53.6036 74.8131 2.0 135.0 0 0 0 0 0 0 0 0 0 0
 53.9349 124.544 2.0 9.0 0 1 0 0 0 0 0 0 0 0
 53.9405 72.335 2.0 117.0 0 1 0 1 0 0 0 0 0 1
 54.3868 83.2089 2.0 99.0 0 1 0 0 0 0 0 0 0 0
 54.4465 72.4646 2.0 144.0 0 1 1 0 0 0 0 0 1 0
 54.5906 125.927 2.0 27.0 0 0 0 0 0 0 0 0 0 0
 54.7779 80.7396 2.0 99.0 0 1 0 0 0 0 0 0 0 0
 54.8407 127.693 2.0 36.0 0 1 0 0 0 0 0 0 0 0
 54.8469 20.3815 2.0 351.0 1 0 1 0 0 0 0 0 1 0
 54.881 131.324 2.0 54.0 0 0 1 1 0 0 0 0 0 0
 55.0 120.0 2.0 0.0 1 0 0 0 0 1 0 0 0 0
 55.0 125.0 2.0 0.0 1 0 1 0 0 0 0 0 0 0
 55.0 20.0 2.0 0.0 0 0 0 0 0 0 0 0 0 0
 55.0 20.0 2.0 0.0 0 0 0 0 0 0 1 0 0 0
 55.0 20.0 2.0 0.0 1 0 0 0 0 0 0 0 0 0
 55.0 20.0 2.0 0.0 1 0 0 0 0 0 0 0 1 0
 55.0 20.0 2.0 0.0 1 0 0 0 0 1 0 0 0 0
 55.0 52.5 2.0 0.0 1 0 0 0 0 1 0 0 0 0
 55.0 85.0 2.0 0.0 0 0 0 0 0 0 0 0 0 0
 55.0755 70.1075 2.0 117.0 0 1 0 1 0 0 0 0 0 1
 55.169 78.2704 2.0 99.0 0 1 0 0 0 0 0 0 0 0
 55.3714 73.0453 2.0 135.0 0 0 0 0 0 0 0 0 0 0
 55.5601 75.8012 2.0 99.0 0 1 0 0 0 0 0 0 0 0
 55.9512 73.332 2.0 99.0 0 1 0 0 0 0 0 0 0 0
 56.2105 67.88 2.0 117.0 0 1 0 1 0 0 0 0 0 1
 56.3423 70.8627 2.0 99.0 0 1 0 0 0 0 0 0 0 0
 56.3504 133.347 2.0 36.0 0 0 1 1 0 0 0 0 0 0
 56.3504 133.347 2.0 45.0 0 0 1 1 0 0 0 0 0 0
 56.3504 133.347 2.0 54.0 0 0 1 1 0 0 0 0 0 0
 56.4041 124.935 2.0 9.0 0 1 0 0 0 0 0 0 0 0
 56.469 70.9952 2.0 144.0 0 1 1 0 0 0 0 0 1 0
 56.7333 68.3935 2.0 99.0 0 1 0 0 0 0 0 0 0 0
 56.8181 127.062 2.0 27.0 0 0 0 0 0 0 0 0 0 0
 56.8632 129.162 2.0 36.0 0 1 0 0 0 0 0 0 0 0
 57.1244 65.9243 2.0 99.0 0 1 0 0 0 0 0 0 0 0
 57.1391 71.2775 2.0 135.0 0 0 0 0 0 0 0 0 0 0
 57.3161 19.9904 2.0 351.0 1 0 1 0 0 0 0 0 1 0
 57.3454 65.6524 2.0 117.0 0 1 0 1 0 0 0 0 0 1
 57.5 120.0 2.0 0.0 1 0 0 0 0 1 0 0 0 0
 57.5 125.0 2.0 0.0 1 0 1 0 0 0 0 0 0 0
 57.5 20.0 2.0 0.0 0 0 0 0 0 0 0 0 0 0
 57.5 20.0 2.0 0.0 0 0 0 0 0 0 1 0 0 0
 57.5 20.0 2.0 0.0 1 0 0 0 0 0 0 0 0 0
 57.5 20.0 2.0 0.0 1 0 0 0 0 0 0 0 1 0
 57.5 20.0 2.0 0.0 1 0 0 0 0 1 0 0 0 0
 57.5 20.0 2.0 9.0 1 0 0 0 0 0 0 0 1 0
 57.5 52.5 2.0 0.0 1 0 0 0 0 1 0 0 0 0
 57.5 85.0 2.0 0.0 0 0 0 0 0 0 0 0 0 0
 57.5155 63.4551 2.0 108.0 0 1 0 0 0 0 0 0 0 0
 57.5155 63.4551 2.0 117.0 0 1 0 0 0 0 0 0 0 0
 57.5155 63.4551 2.0 126.0 0 1 0 0 0 0 0 0 0 0
 57.5155 63.4551 2.0 135.0 0 1 0 0 0 0 0 0 0 0
 57.5155 63.4551 2.0 144.0 0 1 0 0 0 0 0 0 0 0
 57.5155 63.4551 2.0 153.0 0 1 0 0 0 0 0 0 0 0
 57.5155 63.4551 2.0 162.0 0 1 0 0 0 0 0 0 0 0
 57.5155 63.4551 2.0 171.0 0 1 0 0 0 0 0 0 0 0
 58.4804 63.4249 2.0 117.0 0 1 0 1 0 0 0 0 0 1
 58.4916 69.5257 2.0 144.0 0 1 1 0 0 0 0 0 1 0
 58.5779 134.482 2.0 27.0 0 0 1 1 0 0 0 0 0 0
 58.8733 125.326 2.0 9.0 0 1 0 0 0 0 0 0 0 0
 58.8858 130.632 2.0 36.0 0 1 0 0 0 0 0 0 0 0
 58.9069 69.5098 2.0 135.0 0 0 1 1 0 0 0 0 0 0
 59.0457 128.197 2.0 27.0 0 0 1 1 0 0 0 0 0 0
 59.6154 61.1974 2.0 117.0 0 1 0 1 0 0 0 0 0 1
 59.7853 19.5993 2.0 351.0 1 0 1 0 0 0 0 0 1 0
 59.8776 20.7725 2.0 18.0 1 0 0 0 0 0 0 0 1 0
 59.9847 63.064 2.0 171.0 0 1 0 0 0 0 0 0 0 0
 60.0 120.0 2.0 0.0 1 0 0 0 0 1 0 0 0 0
 60.0 122.5 2.0 0.0 1 0 0 0 0 1 0 0 0 0
 60.0 125.0 2.0 0.0 1 0 0 0 0 1 0 0 0 0
 60.0 125.0 2.0 0.0 1 0 1 0 0 0 0 0 0 0
 60.0 127.5 2.0 0.0 1 0 0 0 0 1 0 0 0 0
 60.0 127.5 2.0 0.0 1 0 1 0 0 0 0 0 0 0
 60.0 130.0 2.0 0.0 1 0 0 0 0 1 0 0 0 0
 60.0 130.0 2.0 0.0 1 0 1 0 0 0 0 0 0 0
 60.0 132.5 2.0 0.0 1 0 0 0 0 1 0 0 0 0
 60.0 132.5 2.0 0.0 1 0 1 0 0 0 0 0 0 0
 60.0 135.0 2.0 0.0 0 0 0 0 0 0 1 0 0 0
 60.0 135.0 2.0 0.0 1 0 1 0 0 0 0 0 0 0
 60.0 137.5 2.0 0.0 0 0 0 0 0 0 1 0 0 0
 60.0 137.5 2.0 0.0 1 0 1 0 0 0 0 0 0 0
 60.0 140.0 2.0 0.0 0 0 0 0 0 0 1 0 0 0
 60.0 140.0 2.0 0.0 1 0 1 0 0 0 0 0 0 0
 60.0 20.0 2.0 0.0 0 0 0 0 0 0 0 0 0 0
 60.0 20.0 2.0 0.0 0 0 0 0 0 0 1 0 0 0
 60.0 20.0 2.0 0.0 1 0 0 0 0 0 0 0 0 0
 60.0 20.0 2.0 0.0 1 0 0 0 0 1 0 0 0 0
 60.0 52.5 2.0 0.0 1 0 0 0 0 1 0 0 0 0
 60.0 57.5 2.0 0.0 1 0 0 0 0 1 0 0 0 0
 60.0 60.0 2.0 0.0 1 0 0 0 0 1 0 0 0 0
 60.0 62.5 2.0 0.0 1 0 0 0 0 1 0 0 0 0
 60.0 65.0 2.0 0.0 1 0 0 0 0 1 0 0 0 0
 60.0 67.5 2.0 0.0 1 0 0 0 0 1 0 0 0 0
 60.0 70.0 2.0 0.0 1 0 0 0 0 1 0 0 0 0
 60.0 72.5 2.0 0.0 1 0 0 0 0 1 0 0 0 0
 60.0 75.0 2.0 0.0 0 0 0 0 0 0 0 0 0 0
 60.0 77.5 2.0 0.0 0 0 0 0 0 0 0 0 0 0
 60.0 80.0 2.0 0.0 0 0 0 0 0 0 0 0 0 0
 60.0 82.5 2.0 0.0 0 0 0 0 0 0 0 0 0 0
 60.0 85.0 2.0 0.0 0 0 0 0 0 0 0 0 0 0
 60.5141 68.0562 2.0 144.0 0 1 1 0 0 0 0 0 1 0
 60.6747 67.742 2.0 135.0 0 0 1 1 0 0 0 0 0 0
 60.7504 58.9699 2.0 117.0 0 1 0 1 0 0 0 0 0 1
 60.8055 135.617 2.0 27.0 0 0 1 1 0 0 0 0 0 0
 60.9083 132.101 2.0 36.0 0 1 0 0 0 0 0 0 0 0
 61.2732 129.332 2.0 27.0 0 0 1 1 0 0 0 0 0 0
 61.3425 125.717 2.0 18.0 0 1 0 0 0 0 0 0 0 0
 61.3425 125.717 2.0 27.0 0 1 0 0 0 0 0 0 0 0
 61.3425 125.717 2.0 36.0 0 1 0 0 0 0 0 0 0 0
 61.3425 125.717 2.0 45.0 0 1 0 0 0 0 0 0 0 0
 61.3425 125.717 2.0 54.0 0 1 0 0 0 0 0 0 0 0
 61.3425 125.717 2.0 63.0 0 1 0 0 0 0 0 0 0 0
 61.3425 125.717 2.0 9.0 0 1 0 0 0 0 0 0 0 0
 61.7144 137.88 2.0 27.0 0 1 0 0 1 0 0 0 0 0
 61.7144 137.88 2.0 36.0 0 1 0 0 1 0 0 0 0 0
 61.7144 137.88 2.0 45.0 0 1 0 0 1 0 0 0 0 0
 61.7144 137.88 2.0 54.0 0 1 0 0 0 0 0 0 0 0
 61.7144 137.88 2.0 63.0 0 1 0 0 0 0 0 0 0 0
 61.7144 137.88 2.0 72.0 0 1 0 0 0 0 0 0 0 0
 61.7144 137.88 2.0 81.0 0 1 0 0 0 0 0 0 0 0
 61.7144 137.88 2.0 90.0 0 1 0 0 0 0 0 0 0 0
 61.7144 137.88 2.0 99.0 0 1 0 0 0 0 0 0 0 0
 61.8853 56.7424 2.0 126.0 0 1 0 1 0 0 0 0 0 1
 61.8853 56.7424 2.0 135.0 0 1 0 1 0 0 0 0 0 1
 61.8853 56.7424 2.0 144.0 0 1 0 1 0 0 0 0 0 1
 61.8853 56.7424 2.0 153.0 0 1 0 1 0 0 0 0 0 1
 61.8853 56.7424 2.0 162.0 0 1 0 1 0 0 0 0 0 1
 61.8853 56.7424 2.0 171.0 0 1 0 1 0 0 0 0 0 1
 61.8853 56.7424 2.0 180.0 0 1 0 1 0 0 0 0 0 1
 61.8853 56.7424 2.0 189.0 0 1 0 1 0 0 0 0 0 1
 62.1054 135.411 2.0 99.0 0 1 0 0 0 0 0 0 0 0
 62.1151 128.095 2.0 72.0 0 1 0 0 0 0 0 0 0 0
 62.2545 19.2082 2.0 351.0 1 0 1 0 0 0 0 0 1 0
 62.2553 21.5451 2.0 18.0 1 0 0 0 0 0 0 0 1 0
 62.4425 65.9742 2.0 144.0 0 0 1 1 0 0 0 0 0 0
 62.4425 65.9742 2.0 153.0 0 0 1 1 0 0 0 0 0 0
 62.4425 65.9742 2.0 162.0 0 1 0 0 0 0 0 0 0 0
 62.4425 65.9742 2.0 171.0 0 1 0 0 0 0 0 0 0 0
 62.454 62.6729 2.0 171.0 0 1 0 0 0 0 0 0 0 0
 62.4965 132.942 2.0 99.0 0 1 0 0 0 0 0 0 0 0
 62.5 140.0 2.0 0.0 0 0 0 0 0 0 1 0 0 0
 62.5 140.0 2.0 0.0 1 0 1 0 0 0 0 0 0 0
 62.5 20.0 2.0 0.0 0 0 0 0 0 0 0 0 0 0
 62.5 20.0 2.0 0.0 0 0 0 0 0 0 1 0 0 0
 62.5 20.0 2.0 0.0 1 0 0 0 0 0 0 0 0 0
 62.5 20.0 2.0 0.0 1 0 0 0 0 1 0 0 0 0
 62.5 52.5 2.0 0.0 1 0 0 0 0 1 0 0 0 0
 62.5 57.5 2.0 0.0 1 0 0 0 0 1 0 0 0 0
 62.5366 66.5868 2.0 153.0 1 0 0 0 0 0 0 0 0 0
 62.5366 66.5868 2.0 162.0 1 0 0 0 0 0 0 0 0 0
 62.8876 130.473 2.0 72.0 0 1 0 0 0 0 0 0 0 0
 62.8876 130.473 2.0 81.0 0 1 0 0 0 0 0 0 0 0
 62.8876 130.473 2.0 90.0 0 1 0 0 0 0 0 0 0 0
 62.9309 133.571 2.0 18.0 0 0 0 1 0 0 0 0 0 0
 62.9309 133.571 2.0 27.0 0 0 0 1 0 0 0 0 0 0
 62.9309 133.571 2.0 36.0 0 1 0 0 0 0 0 0 0 0
 63.1831 136.389 2.0 18.0 0 0 1 1 0 0 0 0 0 0
 63.5007 130.467 2.0 27.0 0 0 1 1 0 0 0 0 0 0
 64.092 138.653 2.0 18.0 0 1 0 0 1 0 0 0 0 0
 64.3546 57.1335 2.0 189.0 0 1 0 1 0 0 0 0 0 1
 64.6329 22.3176 2.0 18.0 1 0 0 0 0 0 0 0 1 0
 64.6329 22.3176 2.0 27.0 1 0 0 0 0 0 0 0 1 0
 64.7237 18.8171 2.0 351.0 1 0 1 0 0 0 0 0 1 0
 64.9117 65.5832 2.0 171.0 0 1 0 0 0 0 0 0 0 0
 64.9143 65.8142 2.0 162.0 1 0 0 0 0 0 0 0 0 0
 64.9232 62.2818 2.0 171.0 0 1 0 0 0 0 0 0 0 0
 65.0 140.0 2.0 0.0 0 0 0 0 0 0 1 0 0 0
 65.0 140.0 2.0 0.0 1 0 1 0 0 0 0 0 0 0
 65.0 20.0 2.0 0.0 0 0 0 0 0 0 0 0 0 0
 65.0 20.0 2.0 0.0 0 0 0 0 0 0 1 0 0 0
 65.0 20.0 2.0 0.0 1 0 0 0 0 0 0 0 0 0
 65.0 20.0 2.0 0.0 1 0 0 0 0 1 0 0 0 0
 65.0 52.5 2.0 0.0 0 0 0 0 0 0 0 1 0 0
 65.0 57.5 2.0 0.0 1 0 0 0 0 1 0 0 0 0
 65.4001 133.962 2.0 9.0 0 0 0 1 0 0 0 0 0 0
 65.5607 137.162 2.0 18.0 0 0 1 1 0 0 0 0 0 0
 65.7282 131.602 2.0 27.0 0 0 1 1 0 0 0 0 0 0
 66.4696 139.425 2.0 18.0 0 1 0 0 1 0 0 0 0 0
 66.6555 23.7871 2.0 36.0 1 0 0 0 0 0 0 0 1 0
 66.8238 57.5245 2.0 189.0 0 1 0 1 0 0 0 0 0 1
 67.193 18.426 2.0 351.0 1 0 1 0 0 0 0 0 1 0
 67.2919 65.0417 2.0 162.0 1 0 0 0 0 0 0 0 0 0
 67.3809 65.1921 2.0 171.0 0 1 0 0 0 0 0 0 0 0
 67.3924 61.8907 2.0 171.0 0 1 0 0 0 0 0 0 0 0
 67.5 140.0 2.0 0.0 0 0 0 0 0 0 1 0 0 0
 67.5 140.0 2.0 0.0 1 0 1 0 0 0 0 0 0 0
 67.5 20.0 2.0 0.0 0 0 0 0 0 0 1 0 0 0
 67.5 20.0 2.0 0.0 0 0 1 0 0 0 1 0 0 0
 67.5 20.0 2.0 0.0 1 0 0 0 0 0 0 0 0 0
 67.5 20.0 2.0 0.0 1 0 0 0 0 1 0 0 0 0
 67.5 52.5 2.0 0.0 0 0 0 0 0 0 0 1 0 0
 67.5 57.5 2.0 0.0 1 0 0 0 0 1 0 0 0 0
 67.8693 134.353 2.0 9.0 0 0 0 1 0 0 0 0 0 0
 67.9384 137.934 2.0 18.0 0 0 1 1 0 0 0 0 0 0
 67.9557 132.737 2.0 27.0 0 0 1 1 0 0 0 0 0 0
 68.678 25.2566 2.0 36.0 1 0 0 0 0 0 0 0 1 0
 68.8473 140.198 2.0 18.0 0 1 0 0 1 0 0 0 0 0
 69.293 57.9156 2.0 189.0 0 1 0 1 0 0 0 0 0 1
 69.6622 18.0349 2.0 18.0 1 0 1 0 0 0 0 0 1 0
 69.6622 18.0349 2.0 27.0 1 0 1 0 0 0 0 0 1 0
 69.6622 18.0349 2.0 351.0 1 0 1 0 0 0 0 0 1 0
 69.6622 18.0349 2.0 36.0 1 0 1 0 0 0 0 0 1 0
 69.6622 18.0349 2.0 360.0 1 0 1 0 0 0 0 0 1 0
 69.6622 18.0349 2.0 9.0 1 0 1 0 0 0 0 0 1 0
 69.6696 64.2691 2.0 171.0 1 0 0 0 0 0 0 0 0 0
 69.6696 64.2691 2.0 180.0 1 0 0 0 0 0 0 0 0 0
 69.8501 64.801 2.0 180.0 0 1 0 0 0 0 0 0 0 0
 69.8501 64.801 2.0 189.0 0 1 0 0 0 0 0 0 0 0
 69.8501 64.801 2.0 198.0 0 1 0 0 0 0 0 0 0 0
 69.8501 64.801 2.0 207.0 0 1 0 0 0 0 0 0 0 0
 69.8501 64.801 2.0 216.0 0 1 0 0 0 0 0 0 0 0
 69.8501 64.801 2.0 225.0 0 1 0 0 0 0 0 0 0 0
 69.8616 61.4996 2.0 171.0 0 1 0 0 0 0 0 0 0 0
 70.0 140.0 2.0 0.0 0 0 0 0 0 0 1 0 0 0
 70.0 140.0 2.0 0.0 1 0 1 0 0 0 0 0 0 0
 70.0 20.0 2.0 0.0 0 0 1 0 0 0 1 0 0 0
 70.0 20.0 2.0 0.0 1 0 0 0 0 0 0 0 0 0
 70.0 20.0 2.0 0.0 1 0 0 0 0 1 0 0 0 0
 70.0 22.5 2.0 0.0 1 0 0 0 0 1 0 0 0 0
 70.0 25.0 2.0 0.0 1 0 0 0 0 1 0 0 0 0
 70.0 52.5 2.0 0.0 0 0 0 0 0 0 0 1 0 0
 70.0 57.5 2.0 0.0 1 0 0 0 0 1 0 0 0 0
 70.1832 133.872 2.0 27.0 0 0 1 1 0 0 0 0 0 0
 70.3385 134.744 2.0 9.0 0 0 0 1 0 0 0 0 0 0
 70.4076 138.325 2.0 9.0 0 0 1 1 0 0 0 0 0 0
 70.7006 26.726 2.0 36.0 1 0 0 0 0 0 0 0 1 0
 71.2249 140.971 2.0 18.0 0 1 0 0 1 0 0 0 0 0
 71.43 19.8027 2.0 45.0 1 0 1 0 0 0 0 0 1 0
 71.6179 66.5688 2.0 225.0 0 1 0 0 0 0 0 0 0 0
 71.7622 58.3067 2.0 189.0 0 1 0 1 0 0 0 0 0 1
 72.1696 64.2691 2.0 189.0 1 0 0 0 0 0 0 0 0 0
 72.1696 64.2691 2.0 198.0 1 0 0 0 0 0 0 0 0 0
 72.1696 64.2691 2.0 207.0 1 0 0 0 0 0 0 0 0 0
 72.3308 61.1086 2.0 171.0 0 1 0 0 0 0 0 0 0 0
 72.4108 135.007 2.0 27.0 0 0 1 1 0 0 0 0 0 0
 72.5 140.0 2.0 0.0 0 0 0 0 0 0 1 0 0 0
 72.5 140.0 2.0 0.0 1 0 1 0 0 0 0 0 0 0
 72.5 20.0 2.0 0.0 0 0 1 0 0 0 1 0 0 0
 72.5 20.0 2.0 0.0 1 0 0 0 0 0 0 0 0 0
 72.5 20.0 2.0 0.0 1 0 0 0 0 1 0 0 0 0
 72.5 20.0 2.0 18.0 0 0 0 1 0 0 0 0 0 0
 72.5 20.0 2.0 27.0 0 0 0 1 0 0 0 0 0 0
 72.5 20.0 2.0 36.0 0 0 0 1 0 0 0 0 0 0
 72.5 20.0 2.0 45.0 0 0 0 1 0 0 0 0 0 0
 72.5 20.0 2.0 9.0 1 0 0 0 0 0 0 0 0 0
 72.5 25.0 2.0 0.0 1 0 0 0 0 1 0 0 0 0
 72.5 27.5 2.0 0.0 1 0 0 0 0 1 0 0 0 0
 72.5 30.0 2.0 0.0 1 0 0 0 0 1 0 0 0 0
 72.5 52.5 2.0 0.0 0 0 0 0 0 0 0 1 0 0
 72.5 55.0 2.0 0.0 0 0 0 0 0 0 0 1 0 0
 72.5 57.5 2.0 0.0 0 0 0 0 0 0 0 0 0 0
 72.5 57.5 2.0 0.0 0 0 0 0 0 0 0 1 0 0
 72.5 60.0 2.0 0.0 0 0 0 0 0 0 0 1 0 0
 72.5 62.5 2.0 0.0 0 0 0 0 0 0 0 1 0 0
 72.5 65.0 2.0 0.0 0 0 0 0 0 0 0 1 0 0
 72.5 67.5 2.0 0.0 0 0 0 0 0 0 0 1 0 0
 72.5 70.0 2.0 0.0 0 0 0 0 0 0 0 1 0 0
 72.5 72.5 2.0 0.0 0 0 0 0 0 0 0 1 0 0
 72.5 75.0 2.0 0.0 0 0 0 0 0 0 0 1 0 0
 72.5 77.5 2.0 0.0 0 1 0 0 0 1 0 0 0 0
 72.5 80.0 2.0 0.0 0 1 0 0 0 1 0 0 0 0
 72.5 82.5 2.0 0.0 0 1 0 0 0 1 0 0 0 0
 72.5 85.0 2.0 0.0 0 1 0 0 0 1 0 0 0 0
 72.5 87.5 2.0 0.0 0 1 0 0 0 1 0 0 0 0
 72.7231 28.1955 2.0 36.0 1 0 0 0 0 0 0 0 1 0
 72.8078 135.135 2.0 9.0 0 0 0 1 0 0 0 0 0 0
 72.8768 138.716 2.0 9.0 0 0 1 1 0 0 0 0 0 0
 73.1977 21.5705 2.0 45.0 1 0 1 0 0 0 0 0 1 0
 73.3857 68.3365 2.0 225.0 0 1 0 0 0 0 0 0 0 0
 73.6026 141.743 2.0 18.0 0 1 0 0 1 0 0 0 0 0
 73.9695 22.0225 2.0 54.0 0 0 0 1 0 0 0 0 0 0
 74.2315 58.6978 2.0 198.0 0 1 0 1 0 0 0 0 0 1
 74.2315 58.6978 2.0 207.0 0 1 0 1 0 0 0 0 0 1
 74.2315 58.6978 2.0 216.0 0 1 0 1 0 0 0 0 0 1
 74.2315 58.6978 2.0 225.0 0 1 0 1 0 0 0 0 0 1
 74.2315 58.6978 2.0 234.0 0 1 0 0 1 0 0 0 0 0
 74.2315 58.6978 2.0 243.0 0 1 0 0 1 0 0 0 0 0
 74.2315 58.6978 2.0 252.0 0 1 0 0 1 0 0 0 0 0
 74.3971 65.4041 2.0 216.0 1 0 0 0 0 0 0 0 0 0
 74.6383 136.142 2.0 27.0 0 0 1 1 0 0 0 0 0 0
 74.7456 29.6649 2.0 36.0 1 0 0 0 0 0 0 0 1 0
 74.8001 60.7175 2.0 171.0 0 1 0 0 0 0 0 0 0 0
 74.9655 23.3382 2.0 45.0 1 0 1 0 0 0 0 0 1 0
 75.0 140.0 2.0 0.0 0 0 0 0 0 0 1 0 0 0
 75.0 140.0 2.0 0.0 1 0 1 0 0 0 0 0 0 0
 75.0 20.0 2.0 0.0 0 0 1 0 0 0 1 0 0 0
 75.0 20.0 2.0 0.0 1 0 0 0 0 1 0 0 0 0
 75.0 30.0 2.0 0.0 1 0 0 0 0 1 0 0 0 0
 75.0 32.5 2.0 0.0 1 0 0 0 0 1 0 0 0 0
 75.0 35.0 2.0 0.0 1 0 0 0 0 1 0 0 0 0
 75.0 37.5 2.0 0.0 1 0 0 0 0 1 0 0 0 0
 75.0 40.0 2.0 0.0 1 0 0 0 0 1 0 0 0 0
 75.0 57.5 2.0 0.0 0 0 0 0 0 0 0 0 0 0
 75.0 85.0 2.0 0.0 0 1 0 0 0 1 0 0 0 0
 75.004 61.0754 2.0 252.0 0 1 0 0 1 0 0 0 0 0
 75.1534 70.1043 2.0 225.0 0 1 0 0 0 0 0 0 0 0
 75.277 135.526 2.0 9.0 0 0 0 1 0 0 0 0 0 0
 75.346 139.107 2.0 9.0 0 0 1 1 0 0 0 0 0 0
 75.4389 24.0451 2.0 54.0 0 0 0 1 0 0 0 0 0 0
 75.7765 63.4531 2.0 252.0 0 1 0 0 1 0 0 0 0 0
 75.9358 79.729 2.0 198.0 1 0 0 0 0 0 0 0 0 0
 75.9802 142.516 2.0 18.0 0 1 0 0 1 0 0 0 0 0
 76.4196 66.8736 2.0 216.0 1 0 0 0 0 0 0 0 0 0
 76.5491 65.8307 2.0 252.0 0 1 0 0 1 0 0 0 0 0
 76.7083 77.3513 2.0 198.0 1 0 0 0 0 0 0 0 0 0
 76.7333 25.106 2.0 45.0 1 0 1 0 0 0 0 0 1 0
 76.7682 31.1344 2.0 36.0 1 0 0 0 0 0 0 0 1 0
 76.8658 137.277 2.0 27.0 0 0 1 1 0 0 0 0 0 0
 76.9084 26.0676 2.0 54.0 0 0 0 1 0 0 0 0 0 0
 76.9212 71.8721 2.0 225.0 0 1 0 0 0 0 0 0 0 0
 77.2693 60.3264 2.0 171.0 1 0 0 0 0 0 0 0 0 0
 77.3216 68.2084 2.0 252.0 0 1 0 0 1 0 0 0 0 0
 77.4809 74.9737 2.0 198.0 1 0 0 0 0 0 0 0 0 0
 77.5 140.0 2.0 0.0 0 0 0 0 0 0 1 0 0 0
 77.5 140.0 2.0 0.0 1 0 1 0 0 0 0 0 0 0
 77.5 20.0 2.0 0.0 0 0 1 0 0 0 1 0 0 0
 77.5 20.0 2.0 0.0 1 0 0 0 0 1 0 0 0 0
 77.5 22.5 2.0 0.0 0 0 1 0 0 0 1 0 0 0
 77.5 22.5 2.0 0.0 1 0 0 0 0 1 0 0 0 0
 77.5 25.0 2.0 0.0 0 0 1 0 0 0 1 0 0 0
 77.5 25.0 2.0 0.0 1 0 0 0 0 1 0 0 0 0
 77.5 27.5 2.0 0.0 0 0 1 0 0 0 1 0 0 0
 77.5 27.5 2.0 0.0 0 0 1 1 0 0 0 0 0 0
 77.5 30.0 2.0 0.0 0 0 1 0 0 0 1 0 0 0
 77.5 30.0 2.0 0.0 0 0 1 1 0 0 0 0 0 0
 77.5 32.5 2.0 0.0 0 0 1 0 0 0 1 0 0 0
 77.5 32.5 2.0 0.0 0 0 1 1 0 0 0 0 0 0
 77.5 35.0 2.0 0.0 0 0 1 0 0 0 1 0 0 0
 77.5 35.0 2.0 0.0 0 0 1 1 0 0 0 0 0 0
 77.5 37.5 2.0 0.0 0 0 1 0 0 0 1 0 0 0
 77.5 37.5 2.0 0.0 0 0 1 1 0 0 0 0 0 0
 77.5 40.0 2.0 0.0 0 0 1 0 0 0 1 0 0 0
 77.5 40.0 2.0 0.0 0 0 1 1 0 0 0 0 0 0
 77.5 40.0 2.0 0.0 1 0 0 0 0 1 0 0 0 0
 77.5 42.5 2.0 0.0 0 0 1 0 0 0 1 0 0 0
 77.5 42.5 2.0 0.0 0 0 1 1 0 0 0 0 0 0
 77.5 42.5 2.0 0.0 1 0 0 0 0 1 1 0 0 0
 77.5 45.0 2.0 0.0 0 0 1 0 0 0 1 0 0 0
 77.5 45.0 2.0 0.0 0 0 1 1 0 0 0 0 0 0
 77.5 57.5 2.0 0.0 0 0 0 0 0 0 0 0 0 0
 77.5 60.0 2.0 0.0 0 0 0 0 0 0 0 0 0 0
 77.5 62.5 2.0 0.0 0 0 0 0 0 0 0 0 0 0
 77.5 65.0 2.0 0.0 0 0 0 0 0 0 0 0 0 0
 77.5 67.5 2.0 0.0 0 0 0 0 0 0 0 0 0 0
 77.5 70.0 2.0 0.0 0 0 0 0 0 0 0 0 0 0
 77.5 72.5 2.0 0.0 0 1 0 0 0 1 0 0 0 0
 77.5 75.0 2.0 0.0 0 1 0 0 0 1 0 0 0 0
 77.5 77.5 2.0 0.0 0 1 0 0 0 1 0 0 0 0
 77.5 80.0 2.0 0.0 0 1 0 0 0 1 0 0 0 0
 77.5 82.5 2.0 0.0 0 1 0 0 0 1 0 0 0 0
 77.5 85.0 2.0 0.0 0 1 0 0 0 1 0 0 0 0
 77.5 87.5 2.0 0.0 0 1 0 0 0 1 0 0 0 0
 77.7462 135.917 2.0 9.0 0 0 0 1 0 0 0 0 0 0
 77.8153 139.499 2.0 9.0 0 0 1 1 0 0 0 0 0 0
 78.0942 70.586 2.0 252.0 0 1 0 0 1 0 0 0 0 0
 78.2534 72.596 2.0 198.0 1 0 0 0 0 0 0 0 0 0
 78.3134 80.5015 2.0 198.0 1 0 0 0 0 0 0 0 0 0
 78.3578 143.288 2.0 18.0 0 1 0 0 1 0 0 0 0 0
 78.3778 28.0902 2.0 54.0 0 0 0 1 0 0 0 0 0 0
 78.4422 68.343 2.0 225.0 1 0 0 0 0 0 0 0 0 0
 78.4422 68.343 2.0 234.0 1 0 0 0 0 0 0 0 0 0
 78.4422 68.343 2.0 243.0 1 0 0 0 0 0 0 0 0 0
 78.501 26.8738 2.0 45.0 1 0 1 0 0 0 0 0 1 0
 78.689 73.6398 2.0 225.0 0 1 0 0 0 0 0 0 0 0
 78.7907 32.6039 2.0 36.0 1 0 0 0 0 0 0 0 1 0
 78.8667 72.9636 2.0 252.0 0 0 0 1 0 0 0 0 0 1
 79.026 70.2184 2.0 198.0 1 0 0 0 0 0 0 0 0 0
 79.0933 138.412 2.0 27.0 0 0 1 1 0 0 0 0 0 0
 79.5771 70.5706 2.0 243.0 1 0 0 0 0 0 0 0 0 0
 79.6393 75.3413 2.0 252.0 0 0 0 1 0 0 0 0 0 1
 79.7385 59.9353 2.0 180.0 1 0 0 0 0 0 0 0 0 0
 79.7385 59.9353 2.0 189.0 1 0 0 0 0 0 0 0 0 0
 79.7385 59.9353 2.0 198.0 1 0 0 0 0 0 0 0 0 0
 79.7985 67.8408 2.0 198.0 1 0 0 0 0 0 0 0 0 0
 79.8473 30.1127 2.0 54.0 0 0 0 1 0 0 0 0 0 0
 80.0 140.0 2.0 0.0 0 0 0 0 0 0 1 0 0 0
 80.0 140.0 2.0 0.0 1 0 1 0 0 0 0 0 0 0
 80.0 42.5 2.0 0.0 1 0 0 0 0 1 1 0 0 0
 80.0 45.0 2.0 0.0 0 0 1 0 0 0 1 0 0 0
 80.0 45.0 2.0 0.0 0 0 1 1 0 0 0 0 0 0
 80.0 85.0 2.0 0.0 0 1 0 0 0 1 0 0 0 0
 80.2154 136.308 2.0 9.0 0 0 0 0 0 0 0 1 0 1
 80.2688 28.6415 2.0 45.0 1 0 1 0 0 0 0 0 1 0
 80.2845 139.89 2.0 9.0 0 0 1 1 0 0 0 0 0 0
 80.4118 77.7189 2.0 171.0 1 0 0 0 1 0 0 0 0 0
 80.4118 77.7189 2.0 180.0 1 0 0 0 1 0 0 0 0 0
 80.4118 77.7189 2.0 189.0 0 0 0 1 0 0 0 0 0 1
 80.4118 77.7189 2.0 198.0 0 0 0 1 0 0 0 0 0 1
 80.4118 77.7189 2.0 207.0 0 0 0 1 0 0 0 0 0 1
 80.4118 77.7189 2.0 216.0 0 0 0 1 0 0 0 0 0 1
 80.4118 77.7189 2.0 225.0 0 0 0 1 0 0 0 0 0 1
 80.4118 77.7189 2.0 234.0 0 0 0 1 0 0 0 0 0 1
 80.4118 77.7189 2.0 243.0 0 0 0 1 0 0 0 0 0 1
 80.4567 75.4076 2.0 225.0 0 1 0 0 0 0 0 0 0 0
 80.5711 65.4631 2.0 198.0 1 0 0 0 0 0 0 0 0 0
 80.6911 81.274 2.0 198.0 1 0 0 0 0 0 0 0 0 0
 80.7121 72.7981 2.0 243.0 1 0 0 0 0 0 0 0 0 0
 80.7355 144.061 2.0 18.0 0 1 0 0 1 0 0 0 0 0
 80.8133 34.0733 2.0 36.0 1 0 0 0 0 0 0 0 1 0
 81.3168 32.1353 2.0 54.0 0 0 0 1 0 0 0 0 0 0
 81.3208 139.547 2.0 27.0 0 0 1 1 0 0 0 0 0 0
 81.3436 63.0855 2.0 198.0 1 0 0 0 0 0 0 0 0 0
 81.8471 75.0256 2.0 243.0 1 0 0 0 0 0 0 0 0 0
 82.0366 30.4093 2.0 45.0 1 0 1 0 0 0 0 0 1 0
 82.1162 60.7078 2.0 198.0 1 0 0 0 0 0 0 0 0 0
 82.2245 77.1754 2.0 225.0 0 1 0 0 0 0 0 0 0 0
 82.5 140.0 2.0 0.0 0 0 0 0 0 0 1 0 0 0
 82.5 140.0 2.0 0.0 1 0 1 0 0 0 0 0 0 0
 82.5 42.5 2.0 0.0 1 0 0 0 0 1 1 0 0 0
 82.5 45.0 2.0 0.0 0 0 1 1 0 0 0 0 0 0
 82.5 45.0 2.0 0.0 1 0 0 0 0 0 0 0 0 0
 82.5 85.0 2.0 0.0 0 1 0 0 0 1 0 0 0 0
 82.6847 136.7 2.0 9.0 0 0 0 0 0 0 0 1 0 1
 82.7537 140.281 2.0 9.0 0 0 1 1 0 0 0 0 0 0
 82.7862 34.1578 2.0 54.0 0 0 0 1 0 0 0 0 0 0
 82.8358 35.5428 2.0 36.0 1 0 0 0 0 0 0 0 1 0
 82.881 77.3278 2.0 171.0 1 0 0 0 1 0 0 0 0 0
 82.9821 77.2531 2.0 243.0 1 0 0 0 0 0 0 0 0 0
 83.0687 82.0466 2.0 198.0 1 0 0 0 0 0 0 0 0 0
 83.1131 144.833 2.0 18.0 0 1 0 0 1 0 0 0 0 0
 83.5483 140.682 2.0 27.0 0 0 1 0 1 0 0 0 0 0
 83.8043 32.1771 2.0 45.0 1 0 1 0 0 0 0 0 1 0
 83.9923 78.9431 2.0 225.0 0 1 0 0 0 0 0 0 0 0
 84.1171 79.4806 2.0 243.0 1 0 0 0 0 0 0 0 0 0
 84.2557 36.1803 2.0 54.0 0 0 0 1 0 0 0 0 0 0
 84.2557 36.1803 2.0 54.0 0 1 0 0 0 0 0 0 0 0
 84.8584 37.0123 2.0 36.0 1 0 0 0 0 0 0 0 1 0
 85.0 140.0 2.0 0.0 0 0 0 0 0 0 1 0 0 0
 85.0 140.0 2.0 0.0 1 0 1 0 0 0 0 0 0 0
 85.0 42.5 2.0 0.0 1 0 0 0 0 1 1 0 0 0
 85.0 45.0 2.0 0.0 1 0 0 0 0 0 0 0 0 0
 85.0 45.0 2.0 0.0 1 0 0 0 0 1 0 0 0 0
 85.0 85.0 2.0 0.0 0 1 0 0 0 1 0 0 0 0
 85.1539 137.091 2.0 9.0 0 0 0 0 0 0 0 1 0 1
 85.2229 140.672 2.0 9.0 0 0 1 1 0 0 0 0 0 0
 85.252 81.7081 2.0 243.0 1 0 0 0 0 0 0 0 0 0
 85.3503 76.9368 2.0 171.0 1 0 0 0 1 0 0 0 0 0
 85.4464 82.8191 2.0 198.0 1 0 0 0 0 0 0 0 0 0
 85.4908 145.606 2.0 18.0 0 1 0 0 1 0 0 0 0 0
 85.5721 33.9448 2.0 45.0 1 0 1 0 0 0 0 0 1 0
 85.76 80.7109 2.0 225.0 1 0 0 0 0 0 0 0 0 0
 85.7759 141.817 2.0 27.0 0 0 1 0 1 0 0 0 0 0
 86.0234 37.9481 2.0 45.0 0 1 0 0 0 0 0 0 0 0
 86.2633 143.228 2.0 18.0 0 1 0 0 1 0 0 0 0 0
 86.387 83.9357 2.0 135.0 1 0 0 0 0 0 0 0 0 0
 86.387 83.9357 2.0 144.0 1 0 0 0 0 0 0 0 0 0
 86.387 83.9357 2.0 153.0 1 0 0 0 0 0 0 0 0 0
 86.387 83.9357 2.0 162.0 1 0 0 0 0 0 0 0 0 0
 86.387 83.9357 2.0 171.0 1 0 0 0 0 0 0 0 0 0
 86.387 83.9357 2.0 180.0 1 0 0 0 0 0 0 0 0 0
 86.387 83.9357 2.0 189.0 1 0 0 0 0 0 0 0 0 0
 86.387 83.9357 2.0 198.0 1 0 0 0 0 0 0 0 0 0
 86.387 83.9357 2.0 207.0 1 0 0 0 0 0 0 0 0 0
 86.387 83.9357 2.0 216.0 1 0 0 0 0 0 0 0 0 0
 86.387 83.9357 2.0 225.0 1 0 0 0 0 0 0 0 0 0
 86.387 83.9357 2.0 234.0 1 0 0 0 0 0 0 0 0 0
 86.8809 38.4817 2.0 36.0 1 0 0 0 0 0 0 0 1 0
 87.0358 140.85 2.0 18.0 0 1 0 0 1 0 0 0 0 0
 87.3399 35.7126 2.0 45.0 1 0 1 0 0 0 0 0 1 0
 87.5 140.0 2.0 0.0 0 0 0 0 0 0 1 0 0 0
 87.5 140.0 2.0 0.0 1 0 1 0 0 0 0 0 0 0
 87.5 42.5 2.0 0.0 1 0 0 0 0 1 1 0 0 0
 87.5 45.0 2.0 0.0 1 0 0 0 0 0 0 0 0 0
 87.5 45.0 2.0 0.0 1 0 0 0 0 1 0 0 0 0
 87.5 85.0 2.0 0.0 0 0 0 0 0 0 0 0 0 1
 87.5 85.0 2.0 0.0 0 1 0 0 0 1 0 0 0 0
 87.5278 82.4787 2.0 126.0 1 0 0 0 0 0 0 0 0 0
 87.5278 82.4787 2.0 135.0 1 0 0 0 0 0 0 0 0 0
 87.5278 82.4787 2.0 144.0 1 0 0 0 0 0 0 0 0 0
 87.5278 82.4787 2.0 153.0 1 0 0 0 0 0 0 0 0 0
 87.5278 82.4787 2.0 162.0 1 0 0 0 0 0 0 0 0 0
 87.5278 82.4787 2.0 171.0 1 0 0 0 0 0 0 0 0 0
 87.5278 82.4787 2.0 180.0 1 0 0 0 0 0 0 0 0 0
 87.5278 82.4787 2.0 189.0 1 0 0 0 0 0 0 0 0 0
 87.5278 82.4787 2.0 198.0 1 0 0 0 0 0 0 0 0 0
 87.5278 82.4787 2.0 207.0 1 0 0 0 0 0 0 0 0 0
 87.5278 82.4787 2.0 216.0 1 0 0 0 0 0 0 0 0 0
 87.6231 137.482 2.0 9.0 0 0 0 0 0 0 0 1 0 1
 87.6922 141.063 2.0 9.0 0 0 1 1 0 0 0 0 0 0
 87.7912 39.7159 2.0 45.0 0 1 0 0 0 0 0 0 0 0
 87.8084 138.473 2.0 18.0 0 0 1 0 0 0 1 1 0 0
 87.8195 76.5457 2.0 171.0 1 0 0 0 1 0 0 0 0 0
 87.824 83.5917 2.0 198.0 1 0 0 0 0 0 0 0 0 0
 88.0034 142.952 2.0 27.0 0 0 1 0 1 0 0 0 0 0
 88.1548 82.1679 2.0 135.0 1 0 0 0 0 0 0 0 0 0
 88.5809 136.095 2.0 18.0 0 0 1 0 0 0 1 1 0 0
 88.9035 39.9512 2.0 36.0 1 0 0 0 0 0 0 0 1 0
 88.9973 80.4561 2.0 126.0 1 0 0 0 0 0 0 0 0 0
 89.1076 37.4804 2.0 45.0 1 0 0 0 0 0 0 0 1 0
 89.559 41.4836 2.0 45.0 1 0 0 0 0 0 0 0 0 0
 89.9226 80.4001 2.0 135.0 1 0 0 0 0 0 0 0 0 0
 90.0 140.0 2.0 0.0 0 0 0 0 0 0 1 0 0 0
 90.0 140.0 2.0 0.0 1 0 1 0 0 0 0 0 0 0
 90.0 42.5 2.0 0.0 1 0 0 0 0 1 1 0 0 0
 90.0 45.0 2.0 0.0 1 0 0 0 0 0 0 0 0 0
 90.0 45.0 2.0 0.0 1 0 0 0 0 1 0 0 0 0
 90.0 85.0 2.0 0.0 0 0 0 0 0 0 0 0 0 0
 90.0 85.0 2.0 0.0 0 0 0 0 0 0 0 0 0 1
 90.0923 137.873 2.0 9.0 0 0 0 0 0 0 0 1 0 1
 90.1614 141.454 2.0 9.0 0 0 1 1 0 0 0 0 0 0
 90.2016 84.3642 2.0 108.0 1 0 0 0 0 0 1 1 0 0
 90.2016 84.3642 2.0 117.0 1 0 0 0 0 0 1 1 0 0
 90.2016 84.3642 2.0 126.0 1 0 0 0 0 0 0 0 0 0
 90.2016 84.3642 2.0 135.0 1 0 0 0 0 0 0 0 0 0
 90.2016 84.3642 2.0 144.0 1 0 0 0 0 0 0 0 0 0
 90.2016 84.3642 2.0 153.0 1 0 0 0 0 0 0 0 0 0
 90.2016 84.3642 2.0 162.0 1 0 0 0 0 0 0 0 0 0
 90.2016 84.3642 2.0 171.0 1 0 0 0 0 0 0 0 0 0
 90.2016 84.3642 2.0 180.0 1 0 0 0 0 0 0 0 0 0
 90.2016 84.3642 2.0 189.0 1 0 0 0 0 0 0 0 0 0
 90.2309 144.087 2.0 27.0 0 0 1 0 1 0 0 0 0 0
 90.2887 76.1546 2.0 171.0 1 0 0 0 1 0 0 0 0 0
 90.4667 78.4336 2.0 126.0 1 0 0 0 0 0 0 0 0 0
 90.8754 39.2481 2.0 45.0 1 0 0 0 0 0 0 0 1 0
 90.926 41.4207 2.0 36.0 1 0 0 0 0 0 0 0 0 0
 90.9586 136.868 2.0 18.0 0 0 1 0 0 0 1 1 0 0
 90.9742 81.9866 2.0 108.0 1 0 0 0 0 0 1 1 0 0
 91.3268 43.2514 2.0 45.0 1 0 0 0 0 0 0 0 0 0
 91.6903 78.6323 2.0 135.0 1 0 0 0 0 0 0 0 0 0
 91.9362 76.411 2.0 126.0 1 0 0 0 0 0 0 0 0 0
 92.4584 145.222 2.0 27.0 0 0 1 0 1 0 0 0 0 0
 92.5 140.0 2.0 0.0 0 0 0 0 0 0 1 0 0 0
 92.5 140.0 2.0 0.0 1 0 1 0 0 0 0 0 0 0
 92.5 42.5 2.0 0.0 1 0 0 0 0 1 1 0 0 0
 92.5 45.0 2.0 0.0 1 0 0 0 0 0 0 0 0 0
 92.5 45.0 2.0 0.0 1 0 0 0 0 1 0 0 0 0
 92.5 62.5 2.0 0.0 1 0 0 0 0 1 0 0 0 0
 92.5 65.0 2.0 0.0 1 0 0 0 0 1 0 0 0 0
 92.5 85.0 2.0 0.0 0 0 0 0 0 0 0 0 0 0
 92.5 85.0 2.0 0.0 0 0 0 0 0 0 0 0 0 1
 92.5615 138.264 2.0 9.0 0 0 0 0 0 0 0 1 0 1
 92.6306 141.845 2.0 9.0 0 0 1 1 0 0 0 0 0 0
 92.6432 41.0159 2.0 45.0 1 0 0 0 0 0 0 0 1 0
 92.7579 75.7635 2.0 171.0 1 0 0 0 1 0 0 0 0 0
 92.9485 42.8901 2.0 36.0 1 0 0 0 0 0 0 0 0 0
 93.0945 45.0192 2.0 45.0 1 0 0 0 0 0 0 0 0 0
 93.3362 137.64 2.0 18.0 0 0 1 0 0 0 1 1 0 0
 93.3518 82.7591 2.0 108.0 1 0 0 0 0 0 1 1 0 0
 93.4056 74.3885 2.0 126.0 1 0 0 0 0 0 0 0 0 0
 93.4581 76.8646 2.0 135.0 1 0 0 0 0 0 0 0 0 0
 94.1244 80.3815 2.0 108.0 1 0 0 0 0 0 1 1 0 0
 94.4109 42.7837 2.0 45.0 1 0 0 0 0 0 0 0 1 0
 94.6859 146.357 2.0 0.0 0 0 1 0 1 0 0 0 0 0
 94.6859 146.357 2.0 18.0 0 0 1 0 1 0 0 0 0 0
 94.6859 146.357 2.0 27.0 0 0 1 0 1 0 0 0 0 0
 94.6859 146.357 2.0 9.0 0 0 1 0 1 0 0 0 0 0
 94.8623 46.787 2.0 45.0 1 0 0 0 0 0 0 0 0 0
 94.8623 46.787 2.0 54.0 1 0 0 0 0 0 0 0 0 0
 94.8751 72.366 2.0 126.0 1 0 0 0 0 0 0 0 0 0
 94.8969 78.0039 2.0 108.0 1 0 0 0 0 0 1 1 0 0
 94.9711 44.3596 2.0 36.0 1 0 0 0 0 0 0 0 0 0
 95.0 140.0 2.0 0.0 0 0 0 0 0 0 1 0 0 0
 95.0 140.0 2.0 0.0 1 0 1 0 0 0 0 0 0 0
 95.0 42.5 2.0 0.0 1 0 0 0 0 1 1 0 0 0
 95.0 45.0 2.0 0.0 1 0 0 0 0 0 0 0 0 0
 95.0 45.0 2.0 0.0 1 0 0 0 0 1 0 0 0 0
 95.0 47.5 2.0 0.0 1 0 0 0 0 0 0 0 0 0
 95.0 62.5 2.0 0.0 1 0 0 0 0 1 0 0 0 0
 95.0 65.0 2.0 0.0 1 0 0 0 0 1 0 0 0 0
 95.0 67.5 2.0 0.0 1 0 0 0 0 1 0 0 0 0
 95.0 85.0 2.0 0.0 0 0 0 0 0 0 0 0 0 0
 95.0 85.0 2.0 0.0 0 0 0 0 0 0 0 0 0 1
 95.0308 138.655 2.0 9.0 0 0 0 0 0 0 0 1 0 1
 95.0998 142.236 2.0 9.0 0 0 1 1 0 0 0 0 0 0
 95.2259 75.0968 2.0 135.0 1 0 0 0 0 0 0 0 0 0
 95.2271 75.3724 2.0 171.0 0 0 0 1 0 0 0 0 0 1
 95.7139 138.413 2.0 18.0 0 0 1 0 0 0 1 1 0 0
 96.1787 44.5515 2.0 45.0 1 0 0 0 0 0 0 0 1 0
 96.3446 70.3434 2.0 108.0 1 0 0 0 0 0 0 0 0 0
 96.3446 70.3434 2.0 108.0 1 0 0 0 0 0 0 0 1 0
 96.3446 70.3434 2.0 117.0 1 0 0 0 0 0 0 0 0 0
 96.6301 48.5547 2.0 45.0 1 0 0 0 0 0 0 0 0 0
 96.9936 45.829 2.0 36.0 1 0 0 0 0 0 0 0 0 0
 96.9936 45.829 2.0 45.0 1 0 0 0 0 0 0 0 0 0
 96.9936 45.829 2.0 54.0 0 0 0 0 0 0 0 0 0 0
 96.9936 45.829 2.0 63.0 0 0 0 0 0 0 0 0 0 0
 96.9936 45.829 2.0 72.0 0 0 0 0 0 0 0 0 0 0
 96.9936 45.829 2.0 81.0 0 0 0 0 0 0 0 0 0 0
 96.9936 48.329 2.0 90.0 0 0 0 0 0 0 0 0 0 0
 96.9936 50.829 2.0 90.0 0 0 0 0 0 0 0 0 0 0
 96.9936 53.329 2.0 90.0 0 0 0 0 0 0 0 0 0 0
 96.9936 55.829 2.0 90.0 0 0 0 0 0 0 0 0 0 0
 96.9936 58.329 2.0 90.0 0 0 0 0 0 0 0 0 0 0
 96.9936 60.829 2.0 90.0 0 0 0 0 0 0 0 0 0 0
 96.9936 63.329 2.0 90.0 0 0 0 0 0 0 0 0 0 0
 96.9936 65.829 2.0 90.0 0 0 0 0 0 0 0 0 0 0
 96.9936 68.329 2.0 90.0 0 0 0 0 0 0 0 0 0 0
 96.9936 70.829 2.0 90.0 0 0 0 0 0 0 0 0 0 0
 96.9936 73.329 2.0 108.0 1 0 0 0 0 0 0 0 0 0
 96.9936 73.329 2.0 117.0 1 0 0 0 0 0 0 0 0 0
 96.9936 73.329 2.0 126.0 1 0 0 0 0 0 0 0 0 0
 96.9936 73.329 2.0 90.0 0 0 0 0 0 0 0 0 0 0
 96.9936 73.329 2.0 90.0 1 0 0 0 0 0 0 0 0 0
 96.9936 73.329 2.0 99.0 1 0 0 0 0 0 0 0 0 0
 97.1171 67.9658 2.0 108.0 1 0 0 0 0 0 0 0 1 0
 97.1551 145.966 2.0 351.0 0 0 1 0 1 0 0 0 0 0
 97.2746 78.7764 2.0 108.0 1 0 0 0 0 0 1 1 0 0
 97.5 139.046 2.0 9.0 0 0 0 0 0 0 0 1 0 1
 97.5 140.0 2.0 0.0 0 0 0 0 0 0 1 0 0 0
 97.5 140.0 2.0 0.0 1 0 1 0 0 0 0 0 0 0
 97.5 42.5 2.0 0.0 1 0 0 0 0 1 1 0 0 0
 97.5 45.0 2.0 0.0 1 0 0 0 0 1 0 0 0 0
 97.5 45.0 2.0 0.0 1 0 0 0 0 1 1 0 0 0
 97.5 47.5 2.0 0.0 1 0 0 0 0 0 0 0 0 0
 97.5 47.5 2.0 0.0 1 0 0 0 0 1 1 0 0 0
 97.5 50.0 2.0 0.0 1 0 0 0 0 1 1 0 0 0
 97.5 52.5 2.0 0.0 1 0 0 0 0 1 1 0 0 0
 97.5 55.0 2.0 0.0 1 0 0 0 0 1 1 0 0 0
 97.5 57.5 2.0 0.0 1 0 0 0 0 1 1 0 0 0
 97.5 60.0 2.0 0.0 1 0 0 0 0 1 1 0 0 0
 97.5 62.5 2.0 0.0 1 0 0 0 0 1 0 0 0 0
 97.5 67.5 2.0 0.0 1 0 0 0 0 1 0 0 0 0
 97.5 70.0 2.0 0.0 1 0 0 0 0 1 0 0 0 0
 97.5 72.5 2.0 0.0 0 0 0 0 0 0 0 0 0 0
 97.5 75.0 2.0 0.0 0 0 0 0 0 0 0 0 0 0
 97.5 77.5 2.0 0.0 0 0 0 0 0 0 0 0 0 0
 97.5 80.0 2.0 0.0 0 0 0 0 0 0 0 0 0 0
 97.5 82.5 2.0 0.0 0 0 0 0 0 0 0 0 0 0
 97.5 85.0 2.0 0.0 0 0 0 0 0 0 0 0 0 0
 97.5 85.0 2.0 0.0 0 0 1 0 0 0 0 0 0 0
 97.5691 142.627 2.0 9.0 0 0 1 1 0 0 0 0 0 0
 97.6964 74.9813 2.0 171.0 0 0 0 1 0 0 0 0 0 1
 97.8897 65.5881 2.0 108.0 1 0 0 0 0 0 0 0 1 0
 97.9465 46.3192 2.0 45.0 1 0 0 0 0 0 0 0 1 0
 98.0471 76.3988 2.0 108.0 1 0 0 0 0 0 1 1 0 0
 98.0915 139.185 2.0 18.0 0 0 1 0 0 0 1 1 0 0
 98.3978 50.3225 2.0 45.0 1 0 0 0 0 0 0 0 0 0
 98.6622 63.2105 2.0 108.0 1 0 0 0 0 0 0 0 1 0
 98.8196 74.0211 2.0 108.0 1 0 0 0 0 0 1 1 0 0
 99.4347 60.8328 2.0 108.0 1 0 0 0 0 0 0 0 1 0
 99.5922 71.6435 2.0 108.0 1 0 0 0 0 0 1 1 0 0
 99.6244 145.575 2.0 351.0 0 0 1 0 1 0 0 0 0 0
 99.7143 48.087 2.0 45.0 1 0 0 0 0 0 0 0 1 0
 99.9692 139.437 2.0 9.0 0 0 0 0 0 0 0 1 0 1
 100.0 140.0 2.0 0.0 0 0 0 0 0 0 1 0 0 0
 100.0 140.0 2.0 0.0 1 0 1 0 0 0 0 0 0 0
 100.0 45.0 2.0 0.0 1 0 0 0 0 1 0 0 0 0
 100.0 47.5 2.0 0.0 1 0 0 0 0 0 0 0 0 0
 100.0 47.5 2.0 0.0 1 0 0 0 0 1 0 0 0 0
 100.0 50.0 2.0 0.0 1 0 0 0 0 0 0 0 0 0
 100.0 50.0 2.0 0.0 1 0 0 0 0 1 0 0 0 0
 100.0 52.5 2.0 0.0 1 0 0 0 0 0 0 0 0 0
 100.0 52.5 2.0 0.0 1 0 0 0 0 1 0 0 0 0
 100.0 55.0 2.0 0.0 1 0 0 0 0 0 0 0 0 0
 100.0 55.0 2.0 0.0 1 0 0 0 0 1 0 0 0 0
 100.0 57.5 2.0 0.0 1 0 0 0 0 1 0 0 0 0
 100.0 60.0 2.0 0.0 1 0 0 0 0 1 0 0 0 0
 100.0 60.0 2.0 0.0 1 0 0 0 0 1 1 0 0 0
 100.0 62.5 2.0 0.0 0 0 0 0 0 0 0 0 0 0
 100.0 62.5 2.0 0.0 1 0 0 0 0 1 0 0 0 0
 100.0 62.5 2.0 0.0 1 0 0 0 0 1 0 1 0 0
 100.0 65.0 2.0 0.0 0 0 1 0 0 0 0 0 0 0
 100.0 65.0 2.0 0.0 1 0 0 0 0 1 0 0 0 0
 100.0 65.0 2.0 0.0 1 0 0 0 0 1 0 1 0 0
 100.0 67.5 2.0 0.0 0 0 1 0 0 0 0 0 0 0
 100.0 67.5 2.0 0.0 1 0 0 0 0 1 0 1 0 0
 100.0 70.0 2.0 0.0 0 0 1 0 0 0 0 0 0 0
 100.0 70.0 2.0 0.0 1 0 0 0 0 1 0 1 0 0
 100.0 72.5 2.0 0.0 0 0 1 0 0 0 0 0 0 0
 100.0 75.0 2.0 0.0 0 0 1 0 0 0 0 0 0 0
 100.0 77.5 2.0 0.0 0 0 1 0 0 0 0 0 0 0
 100.0 80.0 2.0 0.0 0 0 1 0 0 0 0 0 0 0
 100.0 82.5 2.0 0.0 0 0 1 0 0 0 0 0 0 0
 100.0 85.0 2.0 0.0 0 0 1 0 0 0 0 0 0 0
 100.038 143.018 2.0 9.0 0 0 1 1 0 0 0 0 0 0
 100.166 52.0903 2.0 45.0 1 0 0 0 0 0 0 0 0 0
 100.166 52.0903 2.0 54.0 0 0 0 1 0 0 0 0 0 1
 100.166 52.0903 2.0 63.0 0 0 0 1 0 0 0 0 0 1
 100.166 52.0903 2.0 72.0 0 0 0 1 0 0 0 0 0 1
 100.166 52.0903 2.0 81.0 0 0 0 1 0 0 0 0 0 1
 100.166 54.5903 2.0 90.0 0 0 0 1 0 0 0 0 0 1
 100.166 57.0903 2.0 90.0 0 0 0 1 0 0 0 0 0 1
 100.166 59.5903 2.0 90.0 1 0 0 0 1 0 0 0 0 0
 100.166 62.0903 2.0 90.0 1 0 0 0 1 0 0 0 0 0
 100.166 64.5903 2.0 90.0 1 0 0 0 1 0 0 0 0 0
 100.166 67.0903 2.0 90.0 1 0 0 0 1 0 0 0 0 0
 100.166 69.5903 2.0 90.0 1 0 0 0 1 0 0 0 0 0
 100.166 72.0903 2.0 90.0 1 0 0 0 1 0 0 0 0 0
 100.166 74.5903 2.0 108.0 0 0 0 1 0 0 0 0 0 1
 100.166 74.5903 2.0 117.0 0 0 0 1 0 0 0 0 0 1
 100.166 74.5903 2.0 126.0 0 0 0 1 0 0 0 0 0 1
 100.166 74.5903 2.0 135.0 0 0 0 1 0 0 0 0 0 1
 100.166 74.5903 2.0 144.0 0 0 0 1 0 0 0 0 0 1
 100.166 74.5903 2.0 153.0 0 0 0 1 0 0 0 0 0 1
 100.166 74.5903 2.0 162.0 0 0 0 1 0 0 0 0 0 1
 100.166 74.5903 2.0 90.0 1 0 0 0 1 0 0 0 0 0
 100.166 74.5903 2.0 99.0 1 0 0 0 1 0 0 0 0 0
 100.207 58.4552 2.0 108.0 1 0 0 0 0 0 0 0 1 0
 100.365 69.2658 2.0 108.0 1 0 0 0 0 0 1 1 0 0
 100.469 139.958 2.0 18.0 0 0 1 0 0 0 1 1 0 0
 100.98 56.0776 2.0 117.0 1 0 0 0 0 0 0 0 1 0
 101.137 66.8882 2.0 108.0 1 0 0 0 0 0 1 1 0 0
 101.482 49.8548 2.0 45.0 1 0 0 0 0 0 0 0 1 0
 101.91 64.5106 2.0 108.0 1 0 0 0 0 0 1 1 0 0
 102.094 145.184 2.0 351.0 0 0 1 0 1 0 0 0 0 0
 102.115 53.85 2.0 117.0 1 0 0 0 0 0 0 0 1 0
 102.438 139.828 2.0 9.0 0 0 0 0 0 0 0 1 0 1
 102.5 140.0 2.0 0.0 0 0 0 0 0 0 1 0 0 0
 102.5 140.0 2.0 0.0 1 0 1 0 0 0 0 0 0 0
 102.5 55.0 2.0 0.0 1 0 0 0 0 0 0 0 0 0
 102.5 60.0 2.0 0.0 0 0 0 0 0 0 0 0 0 0
 102.5 62.5 2.0 0.0 0 0 0 0 0 0 0 0 0 0
 102.538 143.018 2.0 0.0 0 0 1 1 0 0 0 0 0 0
 102.682 62.1329 2.0 108.0 1 0 0 0 0 0 1 1 0 0
 102.847 140.73 2.0 18.0 0 0 1 0 0 0 1 1 0 0
 103.25 51.6225 2.0 108.0 1 0 0 0 0 0 0 0 1 0
 103.25 51.6225 2.0 45.0 1 0 0 0 0 0 0 0 1 0
 103.25 51.6225 2.0 54.0 1 0 0 0 0 0 0 0 1 0
 103.25 51.6225 2.0 63.0 1 0 0 0 0 0 0 0 1 0
 103.25 51.6225 2.0 72.0 1 0 0 0 0 0 0 0 1 0
 103.25 51.6225 2.0 81.0 1 0 0 0 0 0 0 0 1 0
 103.25 51.6225 2.0 90.0 1 0 0 0 0 0 0 0 1 0
 103.25 51.6225 2.0 99.0 1 0 0 0 0 0 0 0 1 0
 103.455 59.7553 2.0 108.0 1 0 0 0 0 0 1 1 0 0
 104.227 57.3776 2.0 108.0 1 0 0 0 0 0 1 1 0 0
 104.563 144.792 2.0 351.0 0 0 1 0 1 0 0 0 0 0
 104.908 140.219 2.0 9.0 0 0 0 0 0 0 0 1 0 1
 105.0 140.0 2.0 0.0 0 0 0 0 0 0 1 0 0 0
 105.0 140.0 2.0 0.0 1 0 1 0 0 0 0 0 0 0
 105.0 55.0 2.0 0.0 1 0 0 0 0 0 1 1 0 0
 105.0 55.0 2.0 18.0 1 0 0 0 0 0 1 1 0 0
 105.0 55.0 2.0 27.0 1 0 0 0 0 0 1 1 0 0
 105.0 55.0 2.0 36.0 1 0 0 0 0 0 1 1 0 0
 105.0 55.0 2.0 45.0 1 0 0 0 0 0 1 1 0 0
 105.0 55.0 2.0 54.0 1 0 0 0 0 0 1 1 0 0
 105.0 55.0 2.0 63.0 1 0 0 0 0 0 1 1 0 0
 105.0 55.0 2.0 72.0 1 0 0 0 0 0 1 1 0 0
 105.0 55.0 2.0 81.0 1 0 0 0 0 0 1 1 0 0
 105.0 55.0 2.0 9.0 1 0 0 0 0 0 1 1 0 0
 105.0 55.0 2.0 90.0 1 0 0 0 0 0 1 1 0 0
 105.0 55.0 2.0 99.0 1 0 0 0 0 0 1 1 0 0
 105.0 60.0 2.0 0.0 0 0 0 0 0 0 0 0 0 0
 105.0 62.5 2.0 0.0 0 0 0 0 0 0 0 0 0 0
 105.038 143.018 2.0 0.0 0 0 1 1 0 0 0 0 0 0
 105.224 141.503 2.0 18.0 0 0 1 0 0 0 1 1 0 0
 107.032 144.401 2.0 351.0 1 0 0 0 0 0 0 0 0 0
 107.377 140.61 2.0 9.0 0 0 0 0 0 0 0 1 0 1
 107.5 140.0 2.0 0.0 1 0 0 0 0 1 1 0 0 0
 107.5 140.0 2.0 0.0 1 0 1 0 0 0 0 0 0 0
 107.538 143.018 2.0 0.0 0 0 1 1 0 0 0 0 0 0
 107.602 142.275 2.0 18.0 0 0 1 0 0 0 1 1 0 0
 109.501 144.01 2.0 351.0 1 0 0 0 0 0 0 0 0 0
 109.846 141.001 2.0 9.0 0 0 0 0 0 0 0 1 0 1
 109.98 143.048 2.0 18.0 0 0 1 0 0 0 1 1 0 0
 110.0 140.0 2.0 0.0 1 0 0 0 0 1 1 0 0 0
 110.0 140.0 2.0 0.0 1 0 1 0 0 0 0 0 0 0
 110.038 143.018 2.0 0.0 0 0 1 1 0 0 0 0 0 0
 111.97 143.619 2.0 351.0 1 0 0 0 0 0 0 0 0 0
 112.315 141.393 2.0 9.0 0 0 0 0 0 0 0 1 0 1
 112.357 143.821 2.0 18.0 0 0 1 0 0 0 1 1 0 0
 112.5 140.0 2.0 0.0 1 0 0 0 0 1 1 0 0 0
 112.5 140.0 2.0 0.0 1 0 1 0 0 0 0 0 0 0
 112.538 143.018 2.0 0.0 0 0 1 1 0 0 0 0 0 0
 114.44 143.228 2.0 351.0 1 0 0 0 0 0 0 0 0 0
 114.735 144.593 2.0 18.0 0 0 1 0 0 0 1 1 0 0
 114.785 141.784 2.0 9.0 0 0 0 0 0 0 0 1 0 1
 115.0 140.0 2.0 0.0 1 0 0 0 0 1 1 0 0 0
 115.0 140.0 2.0 0.0 1 0 1 0 0 0 0 0 0 0
 115.038 143.018 2.0 0.0 0 0 1 1 0 0 0 0 0 0
 116.909 142.837 2.0 351.0 1 0 0 0 0 0 0 0 0 0
 117.113 145.366 2.0 18.0 0 0 1 0 0 0 1 1 0 0
 117.254 142.175 2.0 9.0 0 0 0 0 0 0 0 1 0 1
 117.5 140.0 2.0 0.0 1 0 0 0 0 1 1 0 0 0
 117.5 140.0 2.0 0.0 1 0 1 0 0 0 0 0 0 0
 117.538 143.018 2.0 0.0 0 0 1 1 0 0 0 0 0 0
 119.378 142.446 2.0 351.0 1 0 0 0 0 0 0 0 0 0
 119.49 146.138 2.0 18.0 0 0 1 0 0 0 1 1 0 0
 119.723 142.566 2.0 9.0 0 0 0 0 0 0 0 1 0 1
 120.0 140.0 2.0 0.0 1 0 0 0 0 1 1 0 0 0
 120.0 140.0 2.0 0.0 1 0 1 0 0 0 0 0 0 0
 120.038 143.018 2.0 0.0 0 0 1 1 0 0 0 0 0 0
 121.847 142.055 2.0 351.0 1 0 0 0 0 0 0 0 0 0
 121.868 146.911 2.0 18.0 0 0 1 0 0 0 1 1 0 0
 121.868 146.911 2.0 9.0 0 0 1 0 0 0 1 1 0 0
 122.192 142.957 2.0 9.0 0 0 0 0 0 0 0 1 0 1
 122.5 140.0 2.0 0.0 1 0 0 0 0 1 1 0 0 0
 122.5 140.0 2.0 0.0 1 0 1 0 0 0 0 0 0 0
 122.538 143.018 2.0 0.0 0 0 1 1 0 0 0 0 0 0
 124.317 141.664 2.0 351.0 1 0 0 0 0 0 0 0 0 0
 124.368 146.911 2.0 0.0 0 0 1 0 0 0 1 1 0 0
 124.661 143.348 2.0 9.0 0 0 0 0 0 0 0 1 0 1
 125.0 140.0 2.0 0.0 1 0 0 0 0 1 1 0 0 0
 125.0 140.0 2.0 0.0 1 0 1 0 0 0 0 0 0 0
 125.038 143.018 2.0 0.0 0 1 0 0 0 0 0 0 0 0
 126.786 141.273 2.0 351.0 1 0 0 0 0 0 0 0 0 0
 126.868 146.911 2.0 0.0 0 0 1 0 0 0 1 1 0 0
 127.131 143.739 2.0 9.0 0 0 0 0 0 0 0 1 0 1
 127.5 140.0 2.0 0.0 1 0 0 0 0 1 1 0 0 0
 127.5 140.0 2.0 0.0 1 0 1 0 0 0 0 0 0 0
 127.538 143.018 2.0 0.0 0 1 0 0 0 0 0 0 0 0
 129.255 140.882 2.0 351.0 1 0 0 0 0 0 0 0 0 0
 129.368 146.911 2.0 0.0 0 0 1 0 0 0 1 1 0 0
 129.6 144.13 2.0 9.0 0 0 0 0 0 0 0 1 0 1
 130.0 140.0 2.0 0.0 1 0 0 0 0 1 1 0 0 0
 130.0 140.0 2.0 0.0 1 0 1 0 0 0 0 0 0 0
 130.038 143.018 2.0 0.0 0 1 0 0 0 0 0 0 0 0
 131.724 140.491 2.0 351.0 1 0 0 0 0 0 0 0 0 0
 131.868 146.911 2.0 0.0 0 0 1 0 0 0 1 1 0 0
 132.069 144.521 2.0 9.0 0 0 0 0 0 0 0 1 0 1
 132.5 140.0 2.0 0.0 1 0 0 0 0 1 1 0 0 0
 132.5 140.0 2.0 0.0 1 0 1 0 0 0 0 0 0 0
 132.538 143.018 2.0 0.0 0 1 0 0 0 0 0 0 0 0
 134.193 140.099 2.0 351.0 1 0 0 0 0 0 0 0 0 0
 134.368 146.911 2.0 0.0 0 0 1 0 0 0 1 1 0 0
 134.538 144.912 2.0 9.0 0 0 0 0 0 0 0 1 0 1
 135.0 140.0 2.0 0.0 1 0 0 0 0 1 1 0 0 0
 135.0 140.0 2.0 0.0 1 0 1 0 0 0 0 0 0 0
 135.038 143.018 2.0 0.0 0 1 0 0 0 0 0 0 0 0
 136.663 139.708 2.0 351.0 1 0 0 0 0 0 0 0 0 0
 136.868 146.911 2.0 0.0 0 0 1 0 0 0 1 1 0 0
 137.008 145.303 2.0 9.0 0 0 1 0 0 0 0 0 0 0
 137.5 140.0 2.0 0.0 1 0 0 0 0 1 1 0 0 0
 137.5 140.0 2.0 0.0 1 0 1 0 0 0 0 0 0 0
 137.538 143.018 2.0 0.0 0 1 0 0 0 0 0 0 0 0
 139.132 139.317 2.0 351.0 1 0 0 0 0 0 0 0 0 0
 139.368 146.911 2.0 0.0 0 0 1 0 0 0 1 1 0 0
 139.477 145.694 2.0 9.0 0 0 1 0 0 0 0 0 0 0
 140.0 140.0 2.0 0.0 1 0 0 0 0 1 1 0 0 0
 140.0 140.0 2.0 0.0 1 0 1 0 0 0 0 0 0 0
 140.038 143.018 2.0 0.0 0 1 0 0 0 0 0 0 0 0
 141.601 138.926 2.0 351.0 1 0 0 0 0 0 0 0 0 0
 141.601 138.926 2.0 360.0 1 0 0 0 0 0 0 0 0 0
 141.868 146.911 2.0 0.0 0 0 1 0 0 0 1 1 0 0
 141.946 146.086 2.0 9.0 0 0 1 0 0 0 0 0 0 0
 142.5 140.0 2.0 0.0 1 0 0 0 0 1 1 0 0 0
 142.5 140.0 2.0 0.0 1 0 1 0 0 0 0 0 0 0
 142.538 143.018 2.0 0.0 0 1 0 0 0 0 0 0 0 0
 144.07 139.317 2.0 9.0 1 0 0 0 0 0 0 0 0 0
 144.368 146.911 2.0 0.0 0 0 1 0 0 0 1 1 0 0
 144.415 146.477 2.0 9.0 0 0 1 0 0 0 0 0 0 0
 145.0 140.0 2.0 0.0 1 0 0 0 0 1 1 0 0 0
 145.0 140.0 2.0 0.0 1 0 1 0 0 0 0 0 0 0
 145.038 143.018 2.0 0.0 0 1 0 0 0 0 0 0 0 0
 145.038 143.018 2.0 9.0 0 1 0 0 0 0 0 0 0 0
 146.54 139.708 2.0 9.0 1 0 0 0 0 0 0 0 0 0
 146.868 146.911 2.0 0.0 0 0 1 0 0 0 1 1 0 0
 146.884 146.868 2.0 9.0 0 0 1 0 0 0 0 0 0 0
 147.416 143.791 2.0 18.0 0 1 0 0 0 0 0 0 0 0
 147.5 140.0 2.0 0.0 1 0 0 0 0 1 1 0 0 0
 147.5 140.0 2.0 0.0 1 0 1 0 0 0 0 0 0 0
 149.009 140.099 2.0 9.0 1 0 0 0 0 0 0 0 0 0
 149.354 147.259 2.0 18.0 0 0 1 0 0 0 0 0 0 0
 149.354 147.259 2.0 9.0 0 0 1 0 0 0 0 0 0 0
 149.368 146.911 2.0 0.0 0 0 1 0 0 0 1 1 0 0
 149.745 144.79 2.0 9.0 0 0 1 0 0 0 0 0 0 0
 149.794 144.563 2.0 18.0 0 1 0 0 0 0 0 0 0 0
 149.794 144.563 2.0 27.0 0 1 0 0 0 0 0 0 0 0
 150.0 140.0 2.0 0.0 1 0 0 0 0 1 1 0 0 0
 150.0 140.0 2.0 0.0 1 0 1 0 0 0 0 0 0 0
 151.478 140.491 2.0 18.0 1 0 0 0 0 0 0 0 0 0
 151.478 140.491 2.0 27.0 1 0 0 0 0 0 0 0 0 0
 151.478 140.491 2.0 36.0 1 0 0 0 0 0 0 0 0 0
 151.478 140.491 2.0 45.0 1 0 0 0 0 0 0 0 0 0
 151.478 140.491 2.0 54.0 1 0 0 0 0 0 0 0 0 0
 151.478 140.491 2.0 63.0 1 0 0 0 0 0 0 0 0 0
 151.478 140.491 2.0 9.0 1 0 0 0 0 0 0 0 0 0
 151.816 146.033 2.0 36.0 0 1 0 0 0 0 0 0 0 0
 151.868 146.911 2.0 0.0 0 0 1 0 0 0 1 1 0 0
 152.214 145.181 2.0 9.0 0 0 1 0 0 0 0 0 0 0
 152.251 142.868 2.0 72.0 1 0 0 0 0 0 0 0 0 0
 152.5 140.0 2.0 0.0 1 0 0 0 0 1 1 0 0 0
 152.5 140.0 2.0 0.0 1 0 1 0 0 0 0 0 0 0
 153.023 145.246 2.0 72.0 1 0 0 0 0 0 0 0 0 0
 153.796 147.623 2.0 72.0 1 0 0 0 0 0 0 0 0 0
 153.839 147.502 2.0 36.0 0 1 0 0 0 0 0 0 0 0
 153.839 147.502 2.0 45.0 0 1 0 0 0 0 0 0 0 0
 154.368 146.911 2.0 0.0 0 0 1 0 0 0 1 1 0 0
 154.568 150.001 2.0 72.0 1 0 0 0 0 0 0 0 0 0
 154.683 145.572 2.0 18.0 0 0 1 0 0 0 0 0 0 0
 154.683 145.572 2.0 27.0 0 0 1 0 0 0 0 0 0 0
 154.683 145.572 2.0 36.0 0 0 1 0 0 0 0 0 0 0
 154.683 145.572 2.0 45.0 0 0 1 0 0 0 0 0 0 0
 154.683 145.572 2.0 54.0 0 0 1 0 0 0 0 0 0 0
 154.683 145.572 2.0 63.0 0 0 1 0 0 0 0 0 0 0
 154.683 145.572 2.0 9.0 0 0 1 0 0 0 0 0 0 0
 155.0 140.0 2.0 0.0 1 0 0 0 0 1 1 0 0 0
 155.0 140.0 2.0 0.0 1 0 1 0 0 0 0 0 0 0
 155.308 149.525 2.0 54.0 0 1 0 0 0 0 0 0 0 0
 155.456 147.949 2.0 72.0 0 0 1 0 0 0 0 0 0 0
 156.228 150.327 2.0 72.0 0 0 1 0 0 0 0 0 0 0
 156.443 151.752 2.0 63.0 0 1 0 0 0 0 0 0 0 0
 156.868 146.911 2.0 0.0 0 0 1 0 0 0 1 1 0 0
 157.5 140.0 2.0 0.0 1 0 0 0 0 1 1 0 0 0
 157.5 140.0 2.0 0.0 1 0 1 0 0 0 0 0 0 0
 159.368 146.911 2.0 0.0 0 0 1 0 0 0 1 1 0 0
 159.368 146.911 2.0 18.0 0 0 1 0 0 0 1 1 0 0
 159.368 146.911 2.0 27.0 0 0 1 0 0 0 1 1 0 0
 159.368 146.911 2.0 36.0 0 0 1 0 0 0 1 1 0 0
 159.368 146.911 2.0 45.0 0 0 1 0 0 0 1 1 0 0
 159.368 146.911 2.0 54.0 0 0 1 0 0 0 1 1 0 0
 159.368 146.911 2.0 63.0 0 0 1 0 0 0 1 1 0 0
 159.368 146.911 2.0 72.0 0 0 1 0 0 0 1 1 0 0
 159.368 146.911 2.0 81.0 0 0 1 0 0 0 1 1 0 0
 159.368 146.911 2.0 9.0 0 0 1 0 0 0 1 1 0 0
 159.368 149.411 2.0 90.0 0 0 1 0 0 0 1 1 0 0
 159.368 151.911 2.0 90.0 0 0 1 0 0 0 1 1 0 0
 160.0 140.0 2.0 0.0 1 0 0 0 0 1 1 0 0 0
 160.0 140.0 2.0 0.0 1 0 1 0 0 0 0 0 0 0
 160.0 142.5 2.0 0.0 1 0 0 0 0 1 1 0 0 0
 160.0 145.0 2.0 0.0 1 0 0 0 0 1 1 0 0 0
 160.0 147.5 2.0 0.0 1 0 0 0 0 1 1 0 0 0
 160.0 150.0 2.0 0.0 1 0 0 0 0 1 1 0 0 0
 162.5 140.0 2.0 0.0 1 0 1 0 0 0 0 0 0 0
 162.5 142.5 2.0 0.0 1 0 1 0 0 0 0 0 0 0
 162.5 145.0 2.0 0.0 1 0 1 0 0 0 0 0 0 0
 162.5 147.5 2.0 0.0 1 0 1 0 0 0 0 0 0 0
 162.5 150.0 2.0 0.0 1 0 1 0 0 0 0 0 0 0
