 22.3776 20.7725 2.0 18.0 0 0 0 0 0 0 1 0 0 0
 24.7553 21.5451 2.0 18.0 1 1 0 0 0 0 0 0 1 0
 25.0 22.5 2.0 0.0 0 0 1 0 0 0 1 0 0 0
 27.1329 22.3176 2.0 18.0 1 1 0 0 0 0 0 0 1 0
 27.5 20.0 2.0 0.0 0 0 0 0 0 0 1 0 0 0
 27.5 20.0 2.0 0.0 0 0 1 0 0 0 0 0 0 0
 27.5 20.0 2.0 0.0 0 0 1 1 0 0 0 0 0 0
 27.5 20.0 2.0 0.0 1 0 0 0 0 0 0 0 0 0
 27.5 20.0 2.0 18.0 0 0 1 0 0 0 0 0 0 0
 27.5 20.0 2.0 27.0 0 0 1 0 0 0 0 0 0 0
 27.5 20.0 2.0 36.0 0 0 1 0 0 0 0 0 0 0
 27.5 20.0 2.0 9.0 0 0 1 0 0 0 0 0 0 0
 27.5 22.5 2.0 0.0 0 0 1 0 0 0 1 0 0 0
 28.0152 118.22 2.0 108.0 0 0 1 1 0 0 1 1 0 1
 28.0152 118.22 2.0 117.0 0 0 1 1 0 0 1 1 0 1
 28.0152 118.22 2.0 126.0 0 0 1 1 0 0 1 1 0 1
 28.0152 118.22 2.0 135.0 0 1 0 0 0 0 0 0 1 0
 28.0152 118.22 2.0 144.0 0 1 0 0 0 0 0 0 1 0
 28.0152 118.22 2.0 18.0 0 0 1 1 0 0 1 1 0 1
 28.0152 118.22 2.0 27.0 0 0 1 1 0 0 1 1 0 1
 28.0152 118.22 2.0 36.0 0 0 1 1 0 0 1 1 0 1
 28.0152 118.22 2.0 45.0 0 0 1 1 0 0 1 1 0 1
 28.0152 118.22 2.0 54.0 0 0 1 1 0 0 1 1 0 1
 28.0152 118.22 2.0 63.0 0 0 1 1 0 0 1 1 0 1
 28.0152 118.22 2.0 72.0 0 0 1 1 0 0 1 1 0 1
 28.0152 118.22 2.0 81.0 0 0 1 1 0 0 1 1 0 1
 28.0152 118.22 2.0 90.0 0 0 1 1 0 0 1 1 0 1
 28.0152 118.22 2.0 99.0 0 0 1 1 0 0 1 1 0 1
 29.2678 21.7678 2.0 45.0 0 0 0 1 0 0 0 0 0 0
 29.2678 21.7678 2.0 54.0 0 0 0 1 0 0 0 0 0 0
 29.5106 23.0902 2.0 18.0 1 1 0 0 0 0 0 0 1 0
 30.0 20.0 2.0 0.0 0 0 1 1 0 0 0 0 0 0
 30.0 20.0 2.0 0.0 1 0 0 0 0 0 0 0 0 0
 30.0 20.0 2.0 0.0 1 0 0 0 0 1 0 1 0 0
 30.0 22.5 2.0 0.0 0 1 0 0 0 1 0 0 0 0
 30.0378 116.751 2.0 144.0 0 1 0 0 0 0 0 0 1 0
 30.2233 120.012 2.0 108.0 0 1 1 0 0 0 1 0 1 0
 30.2233 120.012 2.0 36.0 0 1 1 0 0 0 1 0 1 0
 30.2233 120.012 2.0 45.0 0 1 1 0 0 0 1 0 1 0
 30.2233 120.012 2.0 54.0 0 1 1 0 0 0 1 0 1 0
 30.2233 120.012 2.0 63.0 0 1 1 0 0 0 1 0 1 0
 30.2233 120.012 2.0 72.0 0 1 1 0 0 0 1 0 1 0
 30.2233 120.012 2.0 81.0 0 1 1 0 0 0 1 0 1 0
 30.2233 120.012 2.0 90.0 0 1 1 0 0 0 1 0 1 0
 30.2233 120.012 2.0 99.0 0 1 1 0 0 0 1 0 1 0
 30.4027 23.9953 2.0 63.0 0 0 0 1 0 0 0 0 0 0
 30.4845 118.612 2.0 9.0 0 0 1 1 0 0 1 1 0 1
 30.8598 123.6 2.0 108.0 1 0 0 0 0 0 0 0 0 0
 30.8598 123.6 2.0 18.0 0 1 0 0 0 0 0 0 0 0
 30.8598 123.6 2.0 27.0 0 1 0 0 0 0 0 0 0 0
 30.8598 123.6 2.0 36.0 0 1 0 0 0 0 0 0 0 0
 30.8598 123.6 2.0 45.0 0 1 0 0 0 0 0 0 0 0
 30.8598 123.6 2.0 54.0 0 0 1 0 0 0 0 0 0 0
 30.8598 123.6 2.0 63.0 0 0 1 0 0 0 0 0 0 0
 30.8598 123.6 2.0 72.0 0 0 1 0 0 0 0 0 0 0
 30.8598 123.6 2.0 81.0 0 0 1 0 0 0 0 0 0 0
 30.8598 123.6 2.0 9.0 0 1 0 0 0 0 0 0 0 0
 30.8598 123.6 2.0 90.0 0 0 1 0 0 0 0 0 0 0
 30.8598 123.6 2.0 99.0 0 0 1 0 0 0 0 0 0 0
 30.8598 123.6 2.0 99.0 1 0 0 0 0 0 0 0 0 0
 30.9959 117.634 2.0 108.0 0 1 1 0 0 0 1 0 1 0
 31.2509 121.131 2.0 99.0 1 0 0 0 0 0 0 0 0 0
 31.642 118.662 2.0 99.0 1 0 0 0 0 0 0 0 0 0
 31.6558 124.03 2.0 108.0 0 0 0 0 0 0 0 1 0 1
 31.6558 124.03 2.0 117.0 0 0 0 0 0 0 0 1 0 1
 31.6558 124.03 2.0 126.0 0 0 0 0 0 0 0 1 0 1
 31.6558 124.03 2.0 126.0 0 1 0 0 0 0 0 0 0 0
 31.6558 124.03 2.0 135.0 0 1 0 0 0 0 0 0 0 0
 31.6558 124.03 2.0 144.0 0 1 0 0 0 0 0 0 0 0
 31.6558 124.03 2.0 18.0 0 0 0 0 0 0 0 1 0 1
 31.6558 124.03 2.0 27.0 0 0 0 0 0 0 0 1 0 1
 31.6558 124.03 2.0 36.0 0 0 0 0 0 0 0 1 0 1
 31.6558 124.03 2.0 45.0 0 0 0 0 0 0 0 1 0 1
 31.6558 124.03 2.0 54.0 0 0 0 0 0 0 0 1 0 1
 31.6558 124.03 2.0 63.0 0 0 0 0 0 0 0 1 0 1
 31.6558 124.03 2.0 72.0 0 0 0 0 0 0 0 1 0 1
 31.6558 124.03 2.0 81.0 0 0 0 0 0 0 0 1 0 1
 31.6558 124.03 2.0 90.0 0 0 0 0 0 0 0 1 0 1
 31.6558 124.03 2.0 99.0 0 0 0 0 0 0 0 1 0 1
 31.7684 115.257 2.0 108.0 0 1 1 0 0 0 1 0 1 0
 31.8882 23.8627 2.0 18.0 1 1 0 0 0 0 0 0 1 0
 32.033 116.192 2.0 99.0 1 0 0 0 0 0 0 0 0 0
 32.0603 115.282 2.0 144.0 0 1 0 0 0 0 0 0 1 0
 32.4241 113.723 2.0 99.0 1 0 0 0 0 0 0 0 0 0
 32.4508 121.147 2.0 27.0 0 1 1 0 0 0 1 0 1 0
 32.5 105.0 2.0 0.0 1 0 0 0 0 0 0 0 0 0
 32.5 107.5 2.0 0.0 1 0 0 0 0 0 0 0 0 0
 32.5 110.0 2.0 0.0 1 0 0 0 0 0 0 0 0 0
 32.5 112.5 2.0 0.0 0 0 0 0 0 0 1 1 0 0
 32.5 115.0 2.0 0.0 0 0 0 0 0 0 1 1 0 0
 32.5 117.5 2.0 0.0 0 0 0 0 0 0 1 1 0 0
 32.5 120.0 2.0 0.0 0 0 0 0 0 0 1 1 0 0
 32.5 122.5 2.0 0.0 0 0 0 0 0 0 1 1 0 0
 32.5 20.0 2.0 0.0 0 0 1 1 0 0 0 0 0 0
 32.5 20.0 2.0 0.0 1 0 0 0 0 0 0 0 0 0
 32.5 20.0 2.0 0.0 1 0 0 0 0 1 0 1 0 0
 32.5 22.5 2.0 0.0 0 1 0 0 0 1 0 0 0 0
 32.5409 112.879 2.0 108.0 0 1 1 0 0 0 1 0 1 0
 32.6303 22.8603 2.0 63.0 0 0 0 1 0 0 0 0 0 0
 32.8152 111.254 2.0 99.0 1 0 0 0 0 0 0 0 0 0
 32.9537 119.003 2.0 9.0 0 0 1 1 0 0 1 1 0 1
 33.1252 122.007 2.0 126.0 0 1 0 0 0 0 0 0 0 0
 33.2063 108.785 2.0 99.0 1 0 0 0 0 0 0 0 0 0
 33.3135 110.502 2.0 108.0 0 1 1 0 0 0 1 0 1 0
 33.3598 123.6 2.0 0.0 0 1 0 0 0 0 0 0 0 0
 33.5974 106.315 2.0 99.0 1 0 0 0 0 0 0 0 0 0
 33.9885 103.846 2.0 99.0 1 0 0 0 0 0 0 0 0 0
 34.0829 113.812 2.0 144.0 0 1 0 0 0 0 0 0 1 0
 34.086 108.124 2.0 108.0 0 1 1 0 0 0 1 0 1 0
 34.125 124.421 2.0 9.0 0 0 0 0 0 0 0 1 0 1
 34.2659 24.6353 2.0 18.0 1 1 0 0 0 0 0 0 1 0
 34.3796 101.377 2.0 99.0 0 1 0 0 0 0 0 0 0 0
 34.5947 119.985 2.0 126.0 0 1 0 0 0 0 0 0 0 0
 34.6784 122.282 2.0 27.0 0 1 1 0 0 0 1 0 1 0
 34.7706 98.9078 2.0 99.0 0 1 0 0 0 0 0 0 0 0
 34.8578 21.7253 2.0 63.0 0 0 0 1 0 0 0 0 0 0
 34.8586 105.746 2.0 108.0 0 1 1 0 0 0 1 0 1 0
 35.0 105.0 2.0 0.0 1 0 0 0 0 0 0 0 0 0
 35.0 122.5 2.0 0.0 0 0 0 0 0 0 1 1 0 0
 35.0 20.0 2.0 0.0 0 0 1 1 0 0 0 0 0 0
 35.0 20.0 2.0 0.0 1 0 0 0 0 0 0 0 0 0
 35.0 20.0 2.0 0.0 1 0 0 0 0 1 0 1 0 0
 35.0 20.0 2.0 18.0 1 0 0 0 0 0 0 0 0 0
 35.0 20.0 2.0 27.0 1 0 0 0 0 0 0 0 0 0
 35.0 20.0 2.0 36.0 1 0 0 0 0 0 0 0 0 0
 35.0 20.0 2.0 45.0 1 0 0 0 0 0 0 0 0 0
 35.0 20.0 2.0 54.0 1 0 0 0 0 0 0 0 0 0
 35.0 20.0 2.0 63.0 1 0 0 0 0 0 0 0 0 0
 35.0 20.0 2.0 72.0 1 0 0 0 0 0 0 0 0 0
 35.0 20.0 2.0 9.0 1 0 0 0 0 0 0 0 0 0
 35.0 22.5 2.0 0.0 0 1 0 0 0 1 0 0 0 0
 35.0 25.0 2.0 0.0 0 1 0 0 0 1 0 0 0 0
 35.0 27.5 2.0 0.0 0 1 0 0 0 1 0 0 0 0
 35.0 30.0 2.0 0.0 0 1 0 0 0 1 0 0 0 0
 35.0 32.5 2.0 0.0 0 1 0 0 0 1 0 0 0 0
 35.0 35.0 2.0 0.0 0 1 0 0 0 1 0 0 0 0
 35.0 37.5 2.0 0.0 0 0 0 0 0 1 1 0 0 0
 35.0 40.0 2.0 0.0 0 0 0 0 0 1 1 0 0 0
 35.1617 96.4386 2.0 108.0 0 1 0 0 0 0 0 0 0 0
 35.1617 96.4386 2.0 117.0 0 1 0 0 0 0 0 0 0 0
 35.1617 96.4386 2.0 126.0 0 1 0 0 0 0 0 0 0 0
 35.1617 96.4386 2.0 135.0 0 1 0 0 0 0 0 0 0 0
 35.1617 96.4386 2.0 144.0 0 1 0 0 0 0 0 0 0 0
 35.1617 96.4386 2.0 153.0 0 1 0 0 0 0 0 0 0 0
 35.1617 96.4386 2.0 162.0 0 1 0 0 0 0 0 0 0 0
 35.1617 96.4386 2.0 171.0 0 1 0 0 0 0 0 0 0 0
 35.1617 96.4386 2.0 180.0 0 1 0 0 0 0 0 0 0 0
 35.1617 96.4386 2.0 189.0 0 1 0 0 0 0 0 0 0 0
 35.1617 96.4386 2.0 198.0 0 1 0 0 0 0 0 0 0 0
 35.2323 120.786 2.0 99.0 0 1 0 0 0 1 0 0 0 0
 35.3911 22.4692 2.0 81.0 1 0 0 0 0 0 0 0 0 0
 35.4229 119.394 2.0 9.0 0 0 1 1 0 0 1 1 0 1
 35.6234 118.316 2.0 99.0 0 1 0 0 0 1 0 0 0 0
 35.6311 103.369 2.0 108.0 0 1 1 0 0 0 1 0 1 0
 35.7822 24.9384 2.0 81.0 0 1 0 0 0 0 0 0 0 0
 35.8598 123.6 2.0 0.0 0 1 0 0 0 0 0 0 0 0
 36.0145 115.847 2.0 99.0 0 1 0 0 0 1 0 0 0 0
 36.0641 117.962 2.0 126.0 0 1 0 0 0 0 0 0 0 0
 36.1054 112.343 2.0 144.0 0 1 0 0 0 0 0 0 1 0
 36.1733 27.4077 2.0 81.0 0 1 0 0 0 0 0 0 0 0
 36.4037 100.991 2.0 108.0 0 1 1 0 0 0 1 0 1 0
 36.4056 113.378 2.0 99.0 0 1 0 0 0 1 0 0 0 0
 36.5643 29.8769 2.0 81.0 0 1 0 0 0 0 0 0 0 0
 36.5942 124.812 2.0 9.0 0 0 0 0 0 0 0 1 0 1
 36.6435 25.4078 2.0 18.0 1 1 0 0 0 0 0 0 1 0
 36.7967 110.909 2.0 99.0 0 1 0 0 0 1 0 0 0 0
 36.9059 123.417 2.0 27.0 0 1 1 0 0 0 1 0 1 0
 36.9554 32.3461 2.0 81.0 0 1 0 0 0 0 0 0 0 0
 37.0087 42.3607 2.0 108.0 0 1 0 0 0 0 0 0 0 0
 37.0087 42.3607 2.0 18.0 0 0 0 0 0 0 0 0 0 0
 37.0087 42.3607 2.0 27.0 0 0 0 0 0 0 0 0 0 0
 37.0087 42.3607 2.0 36.0 0 0 0 0 0 0 0 0 0 0
 37.0087 42.3607 2.0 45.0 0 0 0 0 0 0 0 0 0 0
 37.0087 42.3607 2.0 54.0 0 0 0 0 0 0 0 0 0 0
 37.0087 42.3607 2.0 63.0 0 0 0 0 0 0 0 0 0 0
 37.0087 42.3607 2.0 72.0 0 0 0 0 0 0 0 0 0 0
 37.0087 42.3607 2.0 81.0 0 1 0 0 0 0 0 0 0 0
 37.0087 42.3607 2.0 90.0 0 1 0 0 0 0 0 0 0 0
 37.0087 42.3607 2.0 99.0 0 1 0 0 0 0 0 0 0 0
 37.0853 20.5904 2.0 63.0 0 0 0 1 0 0 0 0 0 0
 37.1762 98.6133 2.0 108.0 0 1 1 0 0 0 1 0 1 0
 37.1878 108.44 2.0 99.0 0 1 0 0 0 1 0 0 0 0
 37.3465 34.8153 2.0 81.0 0 1 0 0 0 0 0 0 0 0
 37.3998 39.8915 2.0 99.0 0 1 0 0 0 0 0 0 0 0
 37.5 105.0 2.0 0.0 1 0 0 0 0 0 0 0 0 0
 37.5 122.5 2.0 0.0 0 0 0 0 0 0 1 1 0 0
 37.5 20.0 2.0 0.0 0 0 1 1 0 0 0 0 0 0
 37.5 20.0 2.0 0.0 1 0 0 0 0 1 0 1 0 0
 37.5 22.5 2.0 0.0 1 0 0 0 0 1 0 1 0 0
 37.5 25.0 2.0 0.0 1 0 0 0 0 1 0 1 0 0
 37.5 27.5 2.0 0.0 1 0 0 0 0 1 0 1 0 0
 37.5 30.0 2.0 0.0 1 0 0 0 0 1 0 1 0 0
 37.5 32.5 2.0 0.0 0 0 0 0 0 0 1 1 0 0
 37.5 35.0 2.0 0.0 0 0 0 0 0 0 1 1 0 0
 37.5 37.5 2.0 0.0 0 0 0 0 0 0 1 1 0 0
 37.5 42.5 2.0 0.0 0 0 0 0 0 1 1 0 0 0
 37.5336 115.94 2.0 126.0 0 1 0 0 0 0 0 0 0 0
 37.5394 97.2111 2.0 198.0 0 1 0 0 0 0 0 0 0 0
 37.5789 105.97 2.0 99.0 0 1 0 0 0 1 0 0 0 0
 37.7016 121.177 2.0 99.0 0 1 0 0 0 1 0 0 0 0
 37.7376 37.2845 2.0 81.0 0 1 0 0 0 0 0 0 0 0
 37.7909 37.4223 2.0 99.0 0 1 0 0 0 0 0 0 0 0
 37.8921 119.785 2.0 9.0 0 0 1 1 0 0 1 1 0 1
 37.9699 103.501 2.0 99.0 0 1 0 0 0 1 0 0 0 0
 38.0408 121.189 2.0 18.0 0 1 1 0 0 0 1 0 1 0
 38.0408 121.189 2.0 27.0 0 1 1 0 0 0 1 0 1 0
 38.128 110.873 2.0 144.0 0 1 0 0 0 0 0 0 1 0
 38.1287 39.7538 2.0 18.0 0 1 0 0 0 0 0 0 0 0
 38.1287 39.7538 2.0 27.0 0 1 0 0 0 0 0 0 0 0
 38.1287 39.7538 2.0 36.0 0 1 0 0 0 0 0 0 0 0
 38.1287 39.7538 2.0 45.0 0 1 0 0 0 0 0 0 0 0
 38.1287 39.7538 2.0 54.0 0 1 0 0 0 0 0 0 0 0
 38.1287 39.7538 2.0 63.0 0 1 0 0 0 0 0 0 0 0
 38.1287 39.7538 2.0 72.0 0 1 0 0 0 0 0 0 0 0
 38.1287 39.7538 2.0 81.0 0 1 0 0 0 0 0 0 0 0
 38.1287 39.7538 2.0 9.0 0 1 0 0 0 0 0 0 0 0
 38.1287 39.7538 2.0 90.0 0 1 0 0 0 0 0 0 0 0
 38.182 34.953 2.0 99.0 0 1 0 0 0 0 0 0 0 0
 38.2203 22.8179 2.0 63.0 0 0 0 1 0 0 0 0 0 0
 38.3598 123.6 2.0 0.0 0 1 0 0 0 0 0 0 0 0
 38.361 101.032 2.0 99.0 0 1 0 0 0 1 0 0 0 0
 38.5731 32.4838 2.0 99.0 0 1 0 0 0 0 0 0 0 0
 38.7521 98.5627 2.0 99.0 0 1 0 0 0 1 0 0 0 0
 38.9642 30.0146 2.0 99.0 0 0 0 1 0 0 0 0 0 0
 39.0031 113.917 2.0 126.0 0 1 0 0 0 0 0 0 0 0
 39.0211 26.1803 2.0 18.0 1 1 0 0 0 0 0 0 1 0
 39.0211 26.1803 2.0 27.0 1 1 1 0 0 0 0 0 0 1
 39.0211 26.1803 2.0 36.0 1 1 1 0 0 0 0 0 0 1
 39.0211 26.1803 2.0 45.0 1 1 1 0 0 0 0 0 0 1
 39.0211 26.1803 2.0 54.0 1 1 1 0 0 0 0 0 0 1
 39.0211 26.1803 2.0 63.0 1 1 1 0 0 0 0 0 0 1
 39.0211 26.1803 2.0 72.0 1 1 1 0 0 0 0 0 0 1
 39.0211 26.1803 2.0 81.0 1 1 1 0 0 0 0 0 0 1
 39.0211 28.6803 2.0 90.0 1 1 1 0 0 0 0 0 0 1
 39.0211 31.1803 2.0 90.0 1 1 1 0 0 0 0 0 0 1
 39.0211 33.6803 2.0 90.0 1 1 1 0 0 0 0 0 0 1
 39.0211 36.1803 2.0 90.0 1 1 1 0 0 0 0 0 0 1
 39.0634 125.203 2.0 9.0 0 0 0 0 0 0 0 1 0 1
 39.1432 96.0935 2.0 99.0 0 1 0 0 0 1 0 0 0 0
 39.3552 25.0454 2.0 63.0 0 0 0 1 0 0 0 0 0 0
 39.3552 25.0454 2.0 72.0 0 0 0 1 0 0 0 0 0 0
 39.3552 25.0454 2.0 81.0 0 0 0 1 0 0 0 0 0 0
 39.3552 27.5454 2.0 90.0 0 0 0 1 0 0 0 0 0 0
 39.4779 42.7518 2.0 9.0 0 0 0 0 0 0 0 0 0 0
 39.5343 93.6243 2.0 99.0 0 0 0 0 0 0 1 0 0 0
 39.5538 99.3858 2.0 108.0 0 1 1 0 0 0 1 0 1 0
 39.917 97.9837 2.0 198.0 0 1 0 0 0 0 0 0 0 0
 40.0 105.0 2.0 0.0 1 0 0 0 0 0 0 0 0 0
 40.0 122.5 2.0 0.0 0 0 0 0 0 0 1 1 0 0
 40.0 20.0 2.0 0.0 0 0 1 1 0 0 0 0 0 0
 40.0 22.5 2.0 0.0 0 0 1 1 0 0 0 0 0 0
 40.0 25.0 2.0 0.0 0 0 1 1 0 0 0 0 0 0
 40.0 27.5 2.0 0.0 0 0 1 1 0 0 0 0 0 0
 40.0 27.5 2.0 18.0 0 0 1 1 0 0 0 0 0 0
 40.0 27.5 2.0 27.0 0 0 1 1 0 0 0 0 0 0
 40.0 27.5 2.0 9.0 0 0 1 1 0 0 0 0 0 0
 40.0 37.5 2.0 0.0 0 0 0 0 0 0 1 1 0 0
 40.0 42.5 2.0 0.0 0 0 0 0 0 1 1 0 0 0
 40.1505 109.404 2.0 144.0 0 1 0 0 0 0 0 0 1 0
 40.1708 121.568 2.0 99.0 0 1 0 0 0 1 0 0 0 0
 40.3613 120.176 2.0 9.0 0 0 1 1 0 0 1 1 0 1
 40.4725 111.895 2.0 126.0 0 0 0 0 0 0 0 0 0 1
 40.5101 121.581 2.0 9.0 0 1 1 0 0 0 1 0 1 0
 40.6287 39.7538 2.0 0.0 0 1 0 0 0 0 0 0 0 0
 40.8598 123.6 2.0 0.0 0 1 0 0 0 0 0 0 0 0
 41.5211 36.1803 2.0 45.0 1 1 1 0 0 0 0 0 0 1
 41.5211 36.1803 2.0 54.0 1 1 1 0 0 0 0 0 0 1
 41.5211 36.1803 2.0 63.0 1 1 1 0 0 0 0 0 0 1
 41.5211 36.1803 2.0 72.0 1 1 1 0 0 0 0 0 0 1
 41.5211 36.1803 2.0 81.0 1 1 1 0 0 0 0 0 0 1
 41.5211 36.1803 2.0 90.0 1 1 1 0 0 0 0 0 0 1
 41.5326 125.594 2.0 9.0 0 0 0 0 0 0 0 1 0 1
 41.9315 100.158 2.0 108.0 0 1 1 0 0 0 1 0 1 0
 41.942 109.872 2.0 126.0 0 0 0 0 0 0 0 0 0 1
 41.9472 43.1429 2.0 9.0 0 0 0 0 0 0 0 0 0 0
 42.0035 94.0153 2.0 99.0 0 0 0 0 0 0 1 0 0 0
 42.0225 28.9695 2.0 36.0 0 0 1 1 0 0 0 0 0 0
 42.173 107.934 2.0 144.0 0 1 0 0 0 0 0 0 1 0
 42.2947 98.7562 2.0 198.0 0 1 0 0 0 0 0 0 0 0
 42.5 105.0 2.0 0.0 1 0 0 0 0 0 0 0 0 0
 42.5 122.5 2.0 0.0 0 0 0 0 0 0 1 1 0 0
 42.5 37.5 2.0 0.0 0 0 0 0 0 0 1 1 0 0
 42.5 42.5 2.0 0.0 0 0 0 0 0 1 1 0 0 0
 42.64 121.959 2.0 99.0 0 1 0 0 0 1 0 0 0 0
 42.8306 120.567 2.0 9.0 0 0 1 1 0 0 1 1 0 1
 42.9793 121.972 2.0 9.0 0 1 1 0 0 0 1 0 1 0
 43.1287 39.7538 2.0 0.0 0 1 0 0 0 0 0 0 0 0
 43.3598 123.6 2.0 0.0 0 1 0 0 0 0 0 0 0 0
 43.4115 107.85 2.0 126.0 0 0 0 0 0 0 0 0 0 1
 43.5437 37.6498 2.0 36.0 1 1 1 0 0 0 0 0 0 1
 44.0326 125.594 2.0 0.0 0 0 0 0 0 0 0 1 0 1
 44.0451 30.4389 2.0 36.0 0 0 1 1 0 0 0 0 0 0
 44.1956 106.465 2.0 144.0 0 1 0 0 0 0 0 0 1 0
 44.3091 100.931 2.0 108.0 0 1 1 0 0 0 1 0 1 0
 44.4164 43.534 2.0 9.0 0 0 0 0 0 0 0 0 0 0
 44.4727 94.4064 2.0 99.0 0 0 0 0 0 0 1 0 0 0
 44.6723 99.5287 2.0 198.0 0 1 0 0 0 0 0 0 0 0
 44.8809 105.827 2.0 126.0 0 0 0 0 0 0 0 0 0 1
 45.0 105.0 2.0 0.0 1 0 0 0 0 0 0 0 0 0
 45.0 122.5 2.0 0.0 0 0 0 0 0 0 1 1 0 0
 45.0 37.5 2.0 0.0 0 0 0 0 0 0 1 1 0 0
 45.0 42.5 2.0 0.0 0 0 0 0 0 1 1 0 0 0
 45.1092 122.35 2.0 99.0 0 1 0 0 0 1 0 0 0 0
 45.2998 120.958 2.0 9.0 0 0 1 1 0 0 1 1 0 1
 45.4485 122.363 2.0 9.0 0 1 1 0 0 0 1 0 1 0
 45.5662 39.1193 2.0 36.0 1 1 1 0 0 0 0 0 0 1
 45.6287 39.7538 2.0 0.0 0 1 0 0 0 0 0 0 0 0
 45.8598 123.6 2.0 0.0 0 1 0 0 0 0 0 0 0 0
 46.0676 31.9084 2.0 36.0 0 0 1 1 0 0 0 0 0 0
 46.2181 104.995 2.0 144.0 0 1 0 0 0 0 0 0 1 0
 46.3504 103.805 2.0 126.0 0 0 0 0 0 0 0 0 0 1
 46.5326 125.594 2.0 0.0 0 0 0 0 0 0 0 1 0 1
 46.6868 101.703 2.0 108.0 0 0 0 0 0 0 0 1 0 0
 46.8856 43.9251 2.0 9.0 0 0 0 0 0 0 0 0 0 0
 46.9419 94.7975 2.0 99.0 0 0 0 0 0 0 1 0 0 0
 47.0499 100.301 2.0 198.0 0 1 0 0 0 0 0 0 0 0
 47.5 105.0 2.0 0.0 1 0 0 0 0 0 0 0 0 0
 47.5 122.5 2.0 0.0 0 0 0 0 0 0 1 1 0 0
 47.5 37.5 2.0 0.0 0 1 0 0 0 1 0 1 0 0
 47.5 42.5 2.0 0.0 0 0 0 0 0 1 1 0 0 0
 47.5784 122.741 2.0 99.0 0 1 0 0 0 1 0 0 0 0
 47.5888 40.5887 2.0 36.0 1 1 1 0 0 0 0 0 0 1
 47.769 121.349 2.0 9.0 0 0 1 1 0 0 1 1 0 1
 47.8198 101.782 2.0 126.0 0 0 0 0 0 0 0 0 0 1
 47.9177 122.754 2.0 9.0 0 1 1 0 0 0 1 0 1 0
 48.0902 33.3779 2.0 36.0 0 0 0 0 1 0 0 1 0 0
 48.1287 39.7538 2.0 0.0 0 1 0 0 0 0 0 0 0 0
 48.2407 103.526 2.0 144.0 0 1 0 0 0 0 0 0 1 0
 48.3598 123.6 2.0 0.0 0 1 0 0 0 0 0 0 0 0
 49.0326 125.594 2.0 0.0 0 1 0 0 0 0 0 0 0 0
 49.0644 102.476 2.0 108.0 0 0 0 0 0 0 0 1 0 0
 49.2893 99.7594 2.0 126.0 0 0 0 0 0 0 0 0 0 1
 49.3548 44.3161 2.0 9.0 0 0 0 0 0 0 0 0 0 0
 49.4112 95.1886 2.0 99.0 0 0 0 0 0 0 1 0 0 0
 49.4276 101.074 2.0 198.0 0 1 0 0 0 0 0 0 0 0
 49.6113 42.0582 2.0 36.0 1 1 1 0 0 0 0 0 0 1
 50.0 105.0 2.0 0.0 0 0 0 0 0 0 0 1 0 0
 50.0 122.5 2.0 0.0 0 0 0 0 0 0 1 1 0 0
 50.0 37.5 2.0 0.0 0 1 0 0 0 1 0 1 0 0
 50.0 42.5 2.0 0.0 0 0 0 0 0 1 1 0 0 0
 50.0476 123.132 2.0 99.0 0 1 0 0 0 1 0 0 0 0
 50.1127 34.8473 2.0 36.0 0 0 0 0 1 0 0 1 0 0
 50.2382 121.74 2.0 9.0 0 0 1 1 0 0 1 1 0 1
 50.2632 102.056 2.0 144.0 0 1 0 0 0 0 0 0 1 0
 50.3869 123.145 2.0 9.0 0 1 1 0 0 0 1 0 1 0
 50.6287 39.7538 2.0 0.0 0 1 0 0 0 0 0 0 0 0
 50.7588 97.7369 2.0 126.0 0 0 0 0 0 0 0 0 0 1
 50.8598 123.6 2.0 0.0 0 1 0 0 0 0 0 0 0 0
 51.442 103.249 2.0 108.0 0 0 0 0 0 0 0 1 0 0
 51.5326 125.594 2.0 0.0 0 1 0 0 0 0 0 0 0 0
 51.6338 43.5277 2.0 36.0 1 1 1 0 0 0 0 0 0 1
 51.8052 101.846 2.0 198.0 0 0 1 0 0 0 0 1 0 0
 51.824 44.7072 2.0 9.0 0 0 0 0 0 0 0 0 0 0
 51.8804 95.5797 2.0 99.0 0 0 0 0 0 0 1 0 0 0
 52.1352 36.3168 2.0 36.0 0 0 0 0 1 0 0 1 0 0
 52.2282 95.7143 2.0 126.0 0 0 0 0 0 0 0 0 0 1
 52.2857 100.587 2.0 144.0 0 1 0 0 0 0 0 0 1 0
 52.5 105.0 2.0 0.0 0 0 0 0 0 0 0 1 0 0
 52.5 122.5 2.0 0.0 0 0 0 0 0 0 1 1 0 0
 52.5 37.5 2.0 0.0 0 1 0 0 0 1 0 1 0 0
 52.5 42.5 2.0 0.0 0 0 0 0 0 1 1 0 0 0
 52.5 85.0 2.0 0.0 1 0 0 0 0 0 0 0 0 0
 52.5169 123.523 2.0 99.0 0 1 0 0 0 1 0 0 0 0
 52.6496 78.6992 2.0 108.0 0 0 1 0 0 0 0 1 0 0
 52.6496 78.6992 2.0 117.0 0 0 1 0 0 0 0 1 0 0
 52.6496 78.6992 2.0 126.0 0 0 1 0 0 0 0 1 0 0
 52.6496 78.6992 2.0 135.0 0 0 1 0 0 0 0 1 0 0
 52.6496 78.6992 2.0 144.0 0 0 1 0 0 0 0 1 0 0
 52.6496 78.6992 2.0 153.0 0 0 1 0 0 0 0 1 0 0
 52.6496 78.6992 2.0 162.0 0 0 1 0 0 0 0 1 0 0
 52.6496 78.6992 2.0 171.0 0 0 1 0 0 0 0 1 0 0
 52.6496 78.6992 2.0 180.0 0 0 1 0 0 0 0 0 0 0
 52.6496 78.6992 2.0 90.0 0 0 1 0 0 0 0 1 0 0
 52.6496 78.6992 2.0 99.0 0 0 1 0 0 0 0 1 0 0
 52.7074 122.131 2.0 9.0 0 0 1 1 0 0 1 1 0 1
 52.8562 123.536 2.0 9.0 0 1 1 0 0 0 1 0 1 0
 53.0407 81.1685 2.0 81.0 0 0 1 0 0 0 0 1 0 0
 53.0985 119.662 2.0 9.0 0 0 1 1 0 0 1 1 0 1
 53.1287 39.7538 2.0 0.0 0 1 0 0 0 0 0 0 0 0
 53.3598 123.6 2.0 0.0 0 1 0 0 0 0 0 0 0 0
 53.4318 83.6377 2.0 81.0 0 0 1 0 0 0 0 1 0 0
 53.4896 117.193 2.0 9.0 0 0 1 1 0 0 1 1 0 1
 53.6564 44.9971 2.0 36.0 1 1 1 0 0 0 0 0 0 1
 53.6977 93.6918 2.0 126.0 0 0 0 0 0 0 0 0 0 1
 53.8197 104.021 2.0 108.0 0 0 0 0 0 0 0 1 0 0
 53.8229 86.1069 2.0 81.0 0 0 1 0 0 0 0 1 0 0
 54.0326 125.594 2.0 0.0 0 1 0 0 0 0 0 0 0 0
 54.1578 37.7862 2.0 36.0 0 0 0 0 1 0 0 1 0 0
 54.1829 102.619 2.0 198.0 0 0 1 0 0 0 0 1 0 0
 54.214 88.5761 2.0 81.0 0 0 1 0 0 0 0 1 0 0
 54.2933 45.0983 2.0 9.0 0 0 0 0 0 0 0 0 0 0
 54.3083 99.1174 2.0 144.0 0 1 0 0 0 0 0 0 1 0
 54.3496 95.9708 2.0 99.0 0 0 0 0 0 0 1 0 0 0
 54.5922 101.643 2.0 108.0 0 0 0 0 0 0 0 1 0 0
 54.6051 91.0453 2.0 81.0 0 0 1 0 0 0 0 1 0 0
 54.9861 123.914 2.0 99.0 0 1 0 0 0 1 0 0 0 0
 54.9961 93.5146 2.0 81.0 0 0 1 0 0 0 0 1 0 0
 55.0 100.0 2.0 0.0 0 0 0 0 0 0 0 1 0 0
 55.0 102.5 2.0 0.0 0 0 0 0 0 0 0 1 0 0
 55.0 105.0 2.0 0.0 0 0 0 0 0 0 0 1 0 0
 55.0 122.5 2.0 0.0 0 0 0 0 0 0 1 1 0 0
 55.0 37.5 2.0 0.0 0 1 0 0 0 1 0 1 0 0
 55.0 42.5 2.0 0.0 0 0 0 0 0 1 1 0 0 0
 55.0 85.0 2.0 0.0 1 0 0 0 0 0 0 0 0 0
 55.0 87.5 2.0 0.0 1 0 0 0 0 0 0 0 0 0
 55.0 90.0 2.0 0.0 0 0 0 0 0 0 0 1 0 0
 55.0 92.5 2.0 0.0 0 0 0 0 0 0 0 1 0 0
 55.0 95.0 2.0 0.0 0 0 0 0 0 0 0 1 0 0
 55.0 97.5 2.0 0.0 0 0 0 0 0 0 0 1 0 0
 55.1496 78.6992 2.0 180.0 0 0 1 0 0 0 0 0 0 0
 55.1672 91.6693 2.0 126.0 0 0 0 0 0 0 0 0 0 1
 55.3254 123.927 2.0 9.0 0 1 1 0 0 0 1 0 1 0
 55.3648 99.2658 2.0 108.0 0 0 0 0 0 0 0 1 0 0
 55.3872 95.9838 2.0 81.0 0 0 1 0 0 0 0 1 0 0
 55.6287 39.7538 2.0 0.0 0 1 0 0 0 0 0 0 0 0
 55.6287 39.7538 2.0 315.0 0 1 0 0 0 0 0 0 0 0
 55.6287 39.7538 2.0 324.0 0 1 0 0 0 0 0 0 0 0
 55.6287 39.7538 2.0 333.0 0 1 0 0 0 0 0 0 0 0
 55.6287 39.7538 2.0 342.0 0 1 0 0 0 0 0 0 0 0
 55.6287 39.7538 2.0 351.0 0 1 0 0 0 0 0 0 0 0
 55.6789 46.4666 2.0 36.0 1 1 1 0 0 0 0 0 0 1
 55.7783 98.453 2.0 81.0 0 0 1 0 0 0 0 1 0 0
 55.8598 123.6 2.0 0.0 0 1 0 0 0 0 0 0 0 0
 55.9588 117.584 2.0 9.0 0 0 1 1 0 0 1 1 0 1
 56.1373 96.8882 2.0 108.0 0 0 0 0 0 0 0 1 0 0
 56.1694 100.922 2.0 81.0 0 0 1 0 0 0 0 1 0 0
 56.1803 39.2557 2.0 36.0 0 0 0 0 1 0 0 1 0 0
 56.3308 97.648 2.0 108.0 0 1 0 0 0 0 0 0 0 0
 56.3308 97.648 2.0 117.0 0 1 0 0 0 0 0 0 0 0
 56.3308 97.648 2.0 126.0 0 1 0 0 0 0 0 0 1 0
 56.3308 97.648 2.0 135.0 0 1 0 0 0 0 0 0 1 0
 56.3308 97.648 2.0 99.0 0 1 0 0 0 0 0 0 0 0
 56.5326 125.594 2.0 0.0 0 1 0 0 0 0 0 0 0 0
 56.5605 103.391 2.0 108.0 0 0 1 0 0 0 0 1 0 0
 56.5605 103.391 2.0 117.0 0 0 1 0 0 0 0 1 0 0
 56.5605 103.391 2.0 126.0 0 0 1 0 0 0 0 1 0 0
 56.5605 103.391 2.0 135.0 0 0 1 0 0 0 0 1 0 0
 56.5605 103.391 2.0 144.0 0 0 1 0 0 0 0 1 0 0
 56.5605 103.391 2.0 153.0 0 0 1 0 0 0 0 1 0 0
 56.5605 103.391 2.0 162.0 0 0 1 0 0 0 0 1 0 0
 56.5605 103.391 2.0 171.0 0 0 1 0 0 0 0 1 0 0
 56.5605 103.391 2.0 180.0 0 0 1 0 0 0 0 1 0 0
 56.5605 103.391 2.0 189.0 0 0 1 0 0 0 0 1 0 0
 56.5605 103.391 2.0 81.0 0 0 1 0 0 0 0 1 0 0
 56.5605 103.391 2.0 90.0 0 0 1 0 0 0 0 1 0 0
 56.5605 103.391 2.0 99.0 0 0 1 0 0 0 0 1 0 0
 56.6366 89.6467 2.0 126.0 0 0 0 0 0 0 0 0 0 1
 56.7219 95.1788 2.0 99.0 0 1 0 0 0 0 0 0 0 0
 56.7625 45.4894 2.0 9.0 0 0 0 0 0 0 0 0 0 0
 56.8139 44.2391 2.0 27.0 1 1 1 0 0 0 0 0 0 1
 56.8188 96.3618 2.0 99.0 0 0 0 0 0 0 1 0 0 0
 56.9098 94.5106 2.0 108.0 0 0 0 0 0 0 0 1 0 0
 57.0982 37.7312 2.0 306.0 0 1 0 0 0 0 0 0 0 0
 57.113 92.7095 2.0 99.0 0 1 0 0 0 0 0 0 0 0
 57.1536 43.0202 2.0 9.0 0 0 0 0 0 1 0 0 0 0
 57.4553 124.305 2.0 99.0 0 1 0 0 0 1 0 0 0 0
 57.5 122.5 2.0 0.0 0 0 0 0 0 0 1 1 0 0
 57.5 22.5 2.0 0.0 1 0 0 0 0 1 1 0 0 0
 57.5 25.0 2.0 0.0 1 0 0 0 0 1 1 0 0 0
 57.5 27.5 2.0 0.0 0 1 0 0 0 1 0 1 0 0
 57.5 30.0 2.0 0.0 0 1 0 0 0 1 0 1 0 0
 57.5 32.5 2.0 0.0 0 1 0 0 0 1 0 1 0 0
 57.5 35.0 2.0 0.0 0 1 0 0 0 1 0 1 0 0
 57.5 37.5 2.0 0.0 0 1 0 0 0 1 0 1 0 0
 57.5 40.0 2.0 0.0 0 1 0 0 0 1 0 0 0 0
 57.5 42.5 2.0 0.0 0 0 0 0 0 1 1 0 0 0
 57.5 85.0 2.0 0.0 1 0 0 0 0 0 0 0 0 0
 57.5041 90.2403 2.0 99.0 0 1 0 0 0 0 0 0 0 0
 57.5447 40.551 2.0 9.0 0 0 0 0 0 1 0 0 0 0
 57.6496 78.6992 2.0 180.0 0 0 1 0 0 0 0 0 0 0
 57.6824 92.1329 2.0 108.0 0 0 0 0 0 0 0 1 0 0
 57.7946 124.318 2.0 9.0 0 1 1 0 0 0 1 0 1 0
 57.8464 121.836 2.0 99.0 0 1 0 0 0 1 0 0 0 0
 57.8952 87.7711 2.0 99.0 0 1 0 0 0 0 0 0 0 0
 57.9357 38.0817 2.0 9.0 0 0 0 0 0 1 0 0 0 0
 57.9489 42.0116 2.0 27.0 0 1 0 0 0 0 0 0 1 0
 58.1061 87.6242 2.0 126.0 0 0 0 0 0 0 0 0 0 1
 58.2029 40.7252 2.0 36.0 0 0 0 0 1 0 0 1 0 0
 58.2863 85.3019 2.0 99.0 0 1 0 0 0 0 0 0 0 0
 58.3268 35.6125 2.0 9.0 0 0 0 0 0 1 0 0 0 0
 58.3598 123.6 2.0 0.0 0 1 0 0 0 0 0 0 0 0
 58.4281 117.975 2.0 9.0 0 0 1 1 0 0 1 1 0 1
 58.4549 89.7553 2.0 108.0 0 0 0 0 0 0 0 1 0 0
 58.5676 35.7087 2.0 306.0 0 1 0 0 0 0 0 0 0 0
 58.6773 82.8326 2.0 99.0 0 1 0 0 0 0 0 0 0 0
 59.0326 125.594 2.0 0.0 0 1 0 0 0 0 0 0 0 0
 59.0684 80.3634 2.0 99.0 0 1 0 0 0 0 0 0 0 0
 59.0838 39.784 2.0 27.0 0 1 0 0 0 0 0 0 1 0
 59.2275 87.3776 2.0 108.0 0 0 0 0 0 0 0 1 0 0
 59.288 96.7529 2.0 99.0 1 0 0 0 0 1 0 0 0 0
 59.4595 77.8942 2.0 108.0 0 1 0 0 0 0 0 0 0 0
 59.4595 77.8942 2.0 117.0 0 1 0 0 0 0 0 0 0 0
 59.4595 77.8942 2.0 126.0 0 1 0 0 0 0 0 0 0 0
 59.4595 77.8942 2.0 135.0 0 1 0 0 0 0 0 0 0 0
 59.4595 77.8942 2.0 144.0 0 1 0 0 0 0 0 0 0 0
 59.4595 77.8942 2.0 153.0 0 1 0 0 0 0 0 0 0 0
 59.4595 77.8942 2.0 162.0 0 1 0 0 0 0 0 0 0 0
 59.4595 77.8942 2.0 171.0 0 1 0 0 0 0 0 0 0 0
 59.4595 77.8942 2.0 180.0 0 0 0 0 0 0 0 1 0 0
 59.5756 85.6016 2.0 126.0 0 0 0 0 0 0 0 0 0 1
 59.6791 94.2837 2.0 99.0 1 0 0 0 0 1 0 0 0 0
 60.0 122.5 2.0 0.0 0 0 0 0 0 0 1 1 0 0
 60.0 20.0 2.0 0.0 0 0 1 0 0 0 1 0 0 0
 60.0 22.5 2.0 0.0 0 0 1 0 0 0 1 0 0 0
 60.0 22.5 2.0 0.0 1 0 0 0 0 1 1 0 0 0
 60.0 25.0 2.0 0.0 0 0 1 0 0 0 1 0 0 0
 60.0 27.5 2.0 0.0 0 0 1 0 0 0 1 0 0 0
 60.0 30.0 2.0 0.0 0 0 1 0 0 0 1 0 0 0
 60.0 32.5 2.0 0.0 0 1 0 0 0 1 0 0 0 0
 60.0 35.0 2.0 0.0 0 1 0 0 0 1 0 0 0 0
 60.0 37.5 2.0 0.0 0 1 0 0 0 1 0 0 0 0
 60.0 40.0 2.0 0.0 0 1 0 0 0 1 0 0 0 0
 60.0 85.0 2.0 0.0 1 0 0 0 0 0 0 0 0 0
 60.0 85.0 2.0 117.0 0 0 0 0 0 0 0 1 0 0
 60.0 85.0 2.0 126.0 0 0 0 0 0 0 0 1 0 0
 60.0 85.0 2.0 135.0 0 0 0 0 0 0 0 1 0 0
 60.0 85.0 2.0 144.0 0 0 0 0 0 0 0 1 0 0
 60.0 85.0 2.0 153.0 0 0 0 0 0 0 0 1 0 0
 60.0 85.0 2.0 162.0 0 0 0 0 0 0 0 1 0 0
 60.0 85.0 2.0 171.0 0 0 0 0 0 0 0 1 0 0
 60.0 85.0 2.0 180.0 0 0 0 0 0 0 0 1 0 0
 60.0371 33.6861 2.0 306.0 0 1 0 0 0 0 0 0 0 0
 60.0702 91.8145 2.0 99.0 1 0 0 0 0 1 0 0 0 0
 60.1496 78.6992 2.0 180.0 0 0 1 0 0 0 0 0 0 0
 60.2188 37.5565 2.0 27.0 0 1 0 0 0 0 0 0 1 0
 60.2254 22.1946 2.0 270.0 0 0 0 0 0 0 0 0 0 0
 60.2254 22.1946 2.0 279.0 0 0 0 0 0 0 0 0 0 0
 60.2254 22.1946 2.0 288.0 1 0 0 0 1 0 0 0 0 0
 60.2254 22.1946 2.0 297.0 1 0 0 0 1 0 0 0 0 0
 60.2254 22.1946 2.0 306.0 1 0 0 0 1 0 0 0 0 0
 60.2254 22.1946 2.0 315.0 1 0 0 0 1 0 0 0 0 0
 60.2254 22.1946 2.0 324.0 1 0 0 0 1 0 0 0 0 0
 60.2254 22.1946 2.0 333.0 1 0 0 0 1 0 0 0 0 0
 60.2254 24.6946 2.0 270.0 0 0 0 0 0 0 0 0 0 0
 60.2254 27.1946 2.0 270.0 0 0 0 0 0 0 0 0 0 0
 60.2254 29.6946 2.0 270.0 0 0 0 0 0 0 0 0 0 0
 60.2254 32.1946 2.0 270.0 0 0 0 0 0 0 0 0 0 0
 60.2254 34.6946 2.0 270.0 0 0 0 0 0 0 0 0 0 0
 60.2254 37.1946 2.0 270.0 0 0 0 0 1 0 0 0 0 0
 60.2254 39.6946 2.0 270.0 0 0 0 0 1 0 0 0 0 0
 60.2254 42.1946 2.0 0.0 0 0 0 0 1 0 0 1 0 0
 60.2254 42.1946 2.0 18.0 0 0 0 0 1 0 0 1 0 0
 60.2254 42.1946 2.0 27.0 0 0 0 0 1 0 0 1 0 0
 60.2254 42.1946 2.0 279.0 0 0 0 0 1 0 0 0 0 0
 60.2254 42.1946 2.0 288.0 0 0 0 0 1 0 0 0 0 0
 60.2254 42.1946 2.0 297.0 0 0 0 0 1 0 0 0 0 0
 60.2254 42.1946 2.0 306.0 0 0 0 0 1 0 0 1 0 0
 60.2254 42.1946 2.0 315.0 0 0 0 0 1 0 0 1 0 0
 60.2254 42.1946 2.0 324.0 0 0 0 0 1 0 0 1 0 0
 60.2254 42.1946 2.0 333.0 0 0 0 0 1 0 0 1 0 0
 60.2254 42.1946 2.0 342.0 0 0 0 0 1 0 0 1 0 0
 60.2254 42.1946 2.0 351.0 0 0 0 0 1 0 0 1 0 0
 60.2254 42.1946 2.0 36.0 0 0 0 0 1 0 0 1 0 0
 60.2254 42.1946 2.0 9.0 0 0 0 0 1 0 0 1 0 0
 60.2638 124.709 2.0 9.0 0 1 1 0 0 0 1 0 1 0
 60.3156 122.227 2.0 99.0 0 1 0 0 0 1 0 0 0 0
 60.4613 89.3453 2.0 99.0 1 0 0 0 0 1 0 0 0 0
 60.796 36.0036 2.0 9.0 0 0 0 0 0 1 0 0 0 0
 60.8524 86.876 2.0 99.0 1 0 0 0 0 1 0 0 0 0
 60.8598 123.6 2.0 0.0 0 1 0 0 0 0 0 0 0 0
 60.8973 118.366 2.0 9.0 0 0 1 1 0 0 1 1 0 1
 61.045 83.5791 2.0 126.0 0 0 0 0 0 0 0 0 0 1
 61.1871 33.5344 2.0 9.0 0 0 0 0 0 1 0 0 0 0
 61.2435 84.4068 2.0 99.0 1 0 0 0 0 1 0 0 0 0
 61.3538 35.329 2.0 27.0 0 1 0 0 0 0 0 0 1 0
 61.5065 31.6636 2.0 306.0 0 1 0 0 0 0 0 0 0 0
 61.5326 125.594 2.0 0.0 0 1 0 0 0 0 0 0 0 0
 61.5782 31.0652 2.0 9.0 0 0 0 0 0 1 0 0 0 0
 61.6346 81.9376 2.0 99.0 1 0 0 0 0 1 0 0 0 0
 61.9595 77.8942 2.0 180.0 0 0 0 0 0 0 0 1 0 0
 61.9693 28.5959 2.0 9.0 0 0 0 0 0 1 0 0 0 0
 62.0256 79.4684 2.0 99.0 1 0 0 0 0 1 0 0 0 0
 62.3604 26.1267 2.0 9.0 0 0 0 0 0 1 0 0 0 0
 62.4167 76.9991 2.0 99.0 1 0 0 0 0 1 0 0 0 0
 62.4888 33.1015 2.0 27.0 0 1 0 0 0 0 0 0 1 0
 62.5 122.5 2.0 0.0 0 1 0 0 0 0 0 0 0 0
 62.5 20.0 2.0 0.0 0 0 1 0 0 0 1 0 0 0
 62.5 22.5 2.0 0.0 1 0 0 0 0 1 1 0 0 0
 62.5 85.0 2.0 0.0 1 0 0 0 0 0 0 0 0 0
 62.5 85.0 2.0 180.0 0 0 0 0 0 0 0 1 0 0
 62.5145 81.5565 2.0 135.0 0 0 0 0 0 0 0 0 0 1
 62.5145 81.5565 2.0 144.0 0 0 0 0 0 0 0 0 0 1
 62.5145 81.5565 2.0 153.0 0 0 0 0 0 0 0 0 0 1
 62.5145 81.5565 2.0 162.0 0 0 0 0 0 0 0 0 0 1
 62.5145 81.5565 2.0 171.0 0 0 0 0 0 0 0 0 0 1
 62.5145 81.5565 2.0 180.0 0 0 0 0 0 0 0 1 0 0
 62.6031 21.4221 2.0 342.0 1 0 0 0 1 0 0 0 0 0
 62.6496 78.6992 2.0 180.0 0 0 1 0 0 0 0 0 0 0
 62.733 125.1 2.0 9.0 0 1 1 0 0 0 1 0 1 0
 62.7515 23.6575 2.0 9.0 0 0 0 0 0 1 0 0 0 0
 62.7848 122.618 2.0 99.0 0 1 0 0 0 1 0 0 0 0
 62.8078 74.5299 2.0 99.0 0 0 0 0 0 0 1 0 0 0
 62.976 29.6411 2.0 306.0 0 1 0 0 0 0 0 0 0 0
 63.3598 123.6 2.0 0.0 0 1 0 0 0 0 0 0 0 0
 63.3665 118.757 2.0 9.0 0 0 1 1 0 0 1 1 0 1
 63.6237 30.874 2.0 27.0 0 1 0 0 0 0 0 0 1 0
 64.0326 125.594 2.0 0.0 0 1 0 0 0 0 0 0 0 0
 64.4455 27.6185 2.0 306.0 0 1 0 0 0 0 0 0 0 0
 64.4595 77.8942 2.0 180.0 0 0 0 0 0 0 0 1 0 0
 64.7587 28.6465 2.0 27.0 0 1 0 0 0 0 0 0 1 0
 64.9807 20.6495 2.0 342.0 1 0 0 0 1 0 0 0 0 0
 65.0 122.5 2.0 0.0 0 1 0 0 0 0 0 0 0 0
 65.0 20.0 2.0 0.0 0 0 1 0 0 0 1 0 0 0
 65.0 22.5 2.0 0.0 1 0 0 0 0 1 1 0 0 0
 65.0 85.0 2.0 0.0 1 0 0 0 0 0 0 0 0 0
 65.0 85.0 2.0 180.0 0 0 0 0 0 0 0 1 0 0
 65.0145 81.5565 2.0 180.0 0 0 0 0 0 0 0 1 0 0
 65.1496 78.6992 2.0 180.0 0 0 1 0 0 0 0 0 0 0
 65.2023 125.491 2.0 9.0 0 1 1 0 0 0 1 0 1 0
 65.2207 24.0486 2.0 9.0 0 0 0 0 0 1 0 0 0 0
 65.2541 123.009 2.0 99.0 0 1 0 0 0 1 0 0 0 0
 65.277 74.921 2.0 99.0 0 0 0 0 0 0 1 0 0 0
 65.8357 119.148 2.0 9.0 0 0 1 1 0 0 1 1 0 1
 65.8598 123.6 2.0 0.0 0 1 0 0 0 0 0 0 0 0
 65.8937 26.4189 2.0 27.0 0 1 0 0 0 0 0 0 1 0
 65.9149 25.596 2.0 306.0 0 1 0 0 0 0 0 0 0 0
 66.5326 125.594 2.0 0.0 0 1 0 0 0 0 0 0 0 0
 66.9595 77.8942 2.0 180.0 0 0 0 0 0 0 0 1 0 0
 67.0287 24.1914 2.0 27.0 0 1 0 0 0 0 0 0 1 0
 67.3583 19.877 2.0 342.0 1 0 0 0 1 0 0 0 0 0
 67.3844 23.5734 2.0 306.0 0 1 0 0 0 0 0 0 0 0
 67.5 122.5 2.0 0.0 0 1 0 0 0 0 0 0 0 0
 67.5 20.0 2.0 0.0 0 0 1 0 0 0 1 0 0 0
 67.5 22.5 2.0 0.0 1 0 0 0 0 1 1 0 0 0
 67.5 85.0 2.0 0.0 1 0 0 0 0 0 0 0 0 0
 67.5 85.0 2.0 180.0 0 0 0 0 0 0 0 1 0 0
 67.5145 81.5565 2.0 180.0 0 0 0 0 0 0 0 1 0 0
 67.6496 78.6992 2.0 180.0 0 0 1 0 0 0 0 0 0 0
 67.6715 125.882 2.0 9.0 0 1 1 0 0 0 1 0 1 0
 67.6899 24.4397 2.0 9.0 0 0 0 0 0 1 0 0 0 0
 67.7233 123.401 2.0 99.0 0 1 0 0 0 1 0 0 0 0
 67.7463 75.3121 2.0 99.0 0 0 0 0 0 0 1 0 0 0
 68.1637 21.9639 2.0 27.0 0 1 0 0 0 0 0 0 1 0
 68.3049 119.539 2.0 9.0 0 0 1 1 0 0 1 1 0 1
 68.3598 123.6 2.0 0.0 0 1 0 0 0 0 0 0 0 0
 68.8539 21.5509 2.0 306.0 0 1 0 0 0 0 0 0 0 0
 69.0326 125.594 2.0 0.0 0 1 0 0 0 0 0 0 0 0
 69.2986 19.7364 2.0 27.0 0 1 0 0 0 0 0 0 1 0
 69.4595 77.8942 2.0 180.0 0 0 0 0 0 0 0 1 0 0
 69.736 19.1045 2.0 342.0 1 0 0 0 1 0 0 0 0 0
 70.0 122.5 2.0 0.0 0 1 0 0 0 0 0 0 0 0
 70.0 20.0 2.0 0.0 0 0 1 0 0 0 1 0 0 0
 70.0 22.5 2.0 0.0 1 0 0 0 0 1 1 0 0 0
 70.0 85.0 2.0 0.0 1 0 0 0 0 0 0 0 0 0
 70.0 85.0 2.0 180.0 0 0 0 0 0 0 0 1 0 0
 70.0145 81.5565 2.0 180.0 0 0 0 0 0 0 0 1 0 0
 70.1407 126.274 2.0 9.0 0 1 1 0 0 0 1 0 1 0
 70.1496 78.6992 2.0 180.0 0 0 1 0 0 0 0 0 0 0
 70.1591 24.8308 2.0 9.0 0 0 0 0 0 1 0 0 0 0
 70.1925 123.792 2.0 99.0 0 0 0 0 0 0 0 0 0 0
 70.2155 75.7032 2.0 99.0 0 0 0 0 0 0 1 0 0 0
 70.3233 19.5283 2.0 306.0 0 1 0 0 0 0 0 0 0 0
 70.4336 17.5089 2.0 27.0 0 1 0 0 0 0 0 0 1 0
 70.5502 22.3615 2.0 9.0 0 0 0 0 0 1 0 0 0 0
 70.7742 119.93 2.0 9.0 0 0 1 1 0 0 1 1 0 1
 70.8598 123.6 2.0 0.0 0 1 0 0 0 0 0 0 0 0
 71.5326 125.594 2.0 0.0 0 1 0 0 0 0 0 0 0 0
 71.5686 15.2814 2.0 18.0 0 1 0 0 0 0 0 0 1 0
 71.5686 15.2814 2.0 27.0 0 1 0 0 0 0 0 0 1 0
 71.7928 17.5058 2.0 306.0 1 0 0 0 0 0 0 0 0 0
 71.9595 77.8942 2.0 180.0 0 0 0 0 0 0 0 1 0 0
 72.1136 18.3319 2.0 342.0 0 1 1 1 0 0 0 0 0 0
 72.5 122.5 2.0 0.0 0 1 0 0 0 0 0 0 0 0
 72.5 20.0 2.0 0.0 0 0 1 0 0 0 1 0 0 0
 72.5 22.5 2.0 0.0 1 0 0 0 0 1 1 0 0 0
 72.5 85.0 2.0 0.0 1 0 0 0 0 0 0 0 0 0
 72.5 85.0 2.0 180.0 0 0 0 0 0 0 0 1 0 0
 72.5145 81.5565 2.0 180.0 0 0 0 0 0 0 0 1 0 0
 72.6099 126.665 2.0 9.0 0 1 1 0 0 0 1 0 1 0
 72.6496 78.6992 2.0 180.0 0 0 1 0 0 0 0 0 0 0
 72.6617 124.183 2.0 99.0 0 0 0 0 0 0 0 0 0 0
 72.6847 76.0942 2.0 99.0 0 0 0 0 0 0 1 0 0 0
 73.0194 22.7526 2.0 9.0 0 0 0 0 0 1 0 0 0 0
 73.2434 120.321 2.0 9.0 0 0 1 1 0 0 1 1 0 1
 73.2622 15.4833 2.0 306.0 1 0 0 0 0 0 0 0 0 0
 73.2622 15.4833 2.0 315.0 1 0 0 0 0 0 0 0 0 0
 73.2622 15.4833 2.0 324.0 1 0 0 0 0 0 0 0 0 0
 73.2622 15.4833 2.0 333.0 1 0 0 0 0 0 0 0 0 0
 73.2622 15.4833 2.0 342.0 1 0 0 0 0 0 0 0 0 0
 73.2622 15.4833 2.0 351.0 1 0 0 0 0 0 0 0 0 0
 73.2622 15.4833 2.0 360.0 1 0 0 0 0 0 0 0 0 0
 73.2622 15.4833 2.0 9.0 1 0 0 0 0 0 0 0 0 0
 73.3598 123.6 2.0 0.0 0 1 0 0 0 0 0 0 0 0
 74.0326 125.594 2.0 0.0 0 1 0 0 0 0 0 0 0 0
 74.0378 15.6724 2.0 9.0 0 1 0 0 0 0 0 0 1 0
 74.4595 77.8942 2.0 180.0 0 0 0 0 0 0 0 1 0 0
 74.4912 17.5594 2.0 342.0 0 1 1 1 0 0 0 0 0 0
 75.0 122.5 2.0 0.0 0 1 0 0 0 0 0 0 0 0
 75.0 20.0 2.0 0.0 0 0 1 0 0 0 1 0 0 0
 75.0 22.5 2.0 0.0 1 0 0 0 0 1 1 0 0 0
 75.0 85.0 2.0 0.0 1 0 0 0 0 0 0 0 0 0
 75.0 85.0 2.0 180.0 0 0 0 0 0 0 0 1 0 0
 75.0145 81.5565 2.0 180.0 0 0 0 0 0 0 0 1 0 0
 75.0791 127.056 2.0 9.0 0 1 1 0 0 0 1 0 1 0
 75.1309 124.574 2.0 99.0 0 0 0 0 0 0 0 0 0 0
 75.1496 78.6992 2.0 180.0 0 0 1 0 0 0 0 0 0 0
 75.1539 76.4853 2.0 99.0 0 0 0 0 0 0 1 0 0 0
 75.4887 23.1437 2.0 9.0 0 0 0 0 0 1 0 0 0 0
 75.6399 16.2558 2.0 18.0 1 0 0 0 0 0 0 0 0 0
 75.7126 120.713 2.0 9.0 0 0 1 1 0 0 1 1 0 1
 75.8598 123.6 2.0 0.0 0 1 0 0 0 0 0 0 0 0
 76.4269 132.373 2.0 99.0 0 0 0 0 0 0 0 0 0 0
 76.507 16.0635 2.0 9.0 0 1 0 0 0 0 0 0 1 0
 76.5326 125.594 2.0 0.0 0 1 0 0 0 0 0 0 0 0
 76.818 129.903 2.0 99.0 0 0 0 0 0 0 0 0 0 0
 76.8689 16.7868 2.0 342.0 0 1 1 1 0 0 0 0 0 0
 76.9595 77.8942 2.0 180.0 0 0 0 0 0 0 0 1 0 0
 77.2091 127.434 2.0 99.0 0 0 0 0 0 0 0 0 0 0
 77.5 122.5 2.0 0.0 0 1 0 0 0 0 0 0 0 0
 77.5 20.0 2.0 0.0 0 0 1 0 0 0 1 0 0 0
 77.5 22.5 2.0 0.0 1 0 0 0 0 1 1 0 0 0
 77.5 85.0 2.0 0.0 1 0 0 0 0 0 0 0 0 0
 77.5 85.0 2.0 180.0 0 0 0 0 0 0 0 1 0 0
 77.5145 81.5565 2.0 180.0 0 0 0 0 0 0 0 1 0 0
 77.5484 127.447 2.0 9.0 0 1 1 0 0 0 1 0 1 0
 77.6002 124.965 2.0 99.0 0 0 0 0 0 0 0 0 0 0
 77.6232 76.8764 2.0 99.0 0 0 0 0 0 0 1 0 0 0
 77.6496 78.6992 2.0 180.0 0 0 1 0 0 0 0 0 0 0
 77.9579 23.5348 2.0 9.0 0 0 0 0 0 1 0 0 0 0
 78.0175 17.0283 2.0 18.0 1 0 0 0 0 0 0 0 0 0
 78.1818 121.104 2.0 9.0 0 0 1 1 0 0 1 1 0 1
 78.3598 123.6 2.0 0.0 0 1 0 0 0 0 0 0 0 0
 78.8961 132.764 2.0 99.0 0 1 0 0 0 1 0 0 0 0
 78.9763 16.4546 2.0 9.0 0 1 0 0 0 0 0 0 1 0
 79.0326 125.594 2.0 0.0 0 1 0 0 0 0 0 0 0 0
 79.2465 16.0143 2.0 342.0 0 1 1 1 0 0 0 0 0 0
 79.2872 130.294 2.0 99.0 0 1 0 0 0 1 0 0 0 0
 79.4595 77.8942 2.0 180.0 0 0 0 0 0 0 0 1 0 0
 79.6783 127.825 2.0 99.0 0 1 0 0 0 1 0 0 0 0
 80.0 122.5 2.0 0.0 0 1 0 0 0 0 0 0 0 0
 80.0 20.0 2.0 0.0 0 0 1 0 0 0 1 0 0 0
 80.0 22.5 2.0 0.0 1 0 0 0 0 1 1 0 0 0
 80.0 85.0 2.0 0.0 1 0 0 0 0 0 0 0 0 0
 80.0 85.0 2.0 180.0 0 0 0 0 0 0 0 1 0 0
 80.0145 81.5565 2.0 180.0 0 0 0 0 0 0 0 1 0 0
 80.0694 125.356 2.0 99.0 0 1 0 0 0 1 0 0 0 0
 80.0924 77.2675 2.0 99.0 0 0 0 0 0 0 1 0 0 0
 80.1496 78.6992 2.0 180.0 0 0 1 0 0 0 0 0 0 0
 80.3951 17.8009 2.0 18.0 1 0 0 0 0 0 0 0 0 0
 80.4087 125.369 2.0 9.0 0 1 1 0 0 0 1 0 1 0
 80.4271 23.9259 2.0 9.0 0 0 0 0 0 1 0 0 0 0
 80.4605 122.887 2.0 99.0 0 1 0 0 0 1 0 0 0 0
 80.6511 121.495 2.0 9.0 0 0 1 1 0 0 1 1 0 1
 80.8598 123.6 2.0 0.0 0 1 0 0 0 0 0 0 0 0
 81.4455 16.8457 2.0 9.0 0 1 0 0 0 0 0 0 1 0
 81.5326 125.594 2.0 0.0 0 1 0 0 0 0 0 0 0 0
 81.6242 15.2417 2.0 342.0 0 1 1 1 0 0 0 0 0 0
 81.9595 77.8942 2.0 180.0 0 0 0 0 0 0 0 1 0 0
 82.5 122.5 2.0 0.0 0 1 0 0 0 0 0 0 0 0
 82.5 20.0 2.0 0.0 0 0 1 0 0 0 1 0 0 0
 82.5 22.5 2.0 0.0 1 0 0 0 0 1 1 0 0 0
 82.5 85.0 2.0 0.0 1 0 0 0 0 0 0 0 0 0
 82.5 85.0 2.0 180.0 0 0 0 0 0 0 0 1 0 0
 82.5145 81.5565 2.0 180.0 0 0 0 0 0 0 0 1 0 0
 82.5616 77.6586 2.0 99.0 0 0 0 0 0 0 1 0 0 0
 82.6496 78.6992 2.0 180.0 0 0 1 0 0 0 0 0 0 0
 82.7728 18.5734 2.0 18.0 1 0 0 0 0 0 0 0 0 0
 82.8779 125.76 2.0 9.0 0 1 1 0 0 0 1 0 1 0
 82.8963 24.317 2.0 9.0 1 0 0 0 0 0 0 0 0 0
 82.9297 123.278 2.0 99.0 0 1 0 0 0 1 0 0 0 0
 83.1203 121.886 2.0 9.0 0 0 1 1 0 0 1 1 0 1
 83.269 123.291 2.0 9.0 0 1 1 0 0 0 1 0 1 0
 83.3208 120.809 2.0 99.0 0 1 0 0 0 1 0 0 0 0
 83.3598 123.6 2.0 0.0 0 1 0 0 0 0 0 0 0 0
 83.7119 118.339 2.0 99.0 0 1 0 0 0 1 0 0 0 0
 83.9147 17.2368 2.0 9.0 0 1 0 0 0 0 0 0 1 0
 84.0018 14.4692 2.0 342.0 0 1 1 1 0 0 0 0 0 0
 84.0326 125.594 2.0 0.0 0 1 0 0 0 0 0 0 0 0
 84.4595 77.8942 2.0 180.0 0 0 0 0 0 0 0 1 0 0
 85.0 122.5 2.0 0.0 0 1 0 0 0 0 0 0 0 0
 85.0 20.0 2.0 0.0 0 0 1 0 0 0 1 0 0 0
 85.0 22.5 2.0 0.0 1 0 0 0 0 1 1 0 0 0
 85.0 85.0 2.0 0.0 1 0 0 0 0 0 0 0 0 0
 85.0 85.0 2.0 180.0 0 0 0 0 0 0 0 1 0 0
 85.0145 81.5565 2.0 180.0 0 0 0 0 0 0 0 1 0 0
 85.0308 78.0497 2.0 99.0 0 0 0 0 0 0 1 0 0 0
 85.1496 78.6992 2.0 180.0 0 0 1 0 0 0 0 0 0 0
 85.1504 19.346 2.0 18.0 1 0 0 0 0 0 0 0 0 0
 85.3656 24.7081 2.0 9.0 1 0 0 0 0 0 0 0 0 0
 85.4219 75.5804 2.0 99.0 1 0 0 0 0 1 1 0 0 0
 85.5895 122.277 2.0 9.0 0 0 1 1 0 0 1 1 0 1
 85.7382 123.682 2.0 9.0 0 1 1 0 0 0 1 0 1 0
 85.813 73.1112 2.0 99.0 1 0 0 0 0 1 1 0 0 0
 85.8598 123.6 2.0 0.0 0 1 0 0 0 0 0 0 0 0
 86.1811 118.73 2.0 99.0 0 1 0 0 0 1 0 0 0 0
 86.3794 13.6967 2.0 18.0 0 1 1 1 0 0 0 0 0 0
 86.3794 13.6967 2.0 27.0 0 1 1 1 0 0 0 0 0 0
 86.3794 13.6967 2.0 342.0 0 1 1 1 0 0 0 0 0 0
 86.3794 13.6967 2.0 351.0 0 1 1 1 0 0 0 0 0 0
 86.3794 13.6967 2.0 360.0 0 1 1 1 0 0 0 0 0 0
 86.3794 13.6967 2.0 9.0 0 1 1 1 0 0 0 0 0 0
 86.3839 17.6279 2.0 9.0 0 1 0 0 0 0 0 0 1 0
 86.5326 125.594 2.0 0.0 0 1 0 0 0 0 0 0 0 0
 86.9595 77.8942 2.0 180.0 0 0 0 0 0 0 0 1 0 0
 87.5 122.5 2.0 0.0 0 1 0 0 0 0 0 0 0 0
 87.5 20.0 2.0 0.0 0 0 1 0 0 0 1 0 0 0
 87.5 22.5 2.0 0.0 1 0 0 0 0 1 1 0 0 0
 87.5 85.0 2.0 0.0 1 0 0 0 0 0 0 0 0 0
 87.5 85.0 2.0 180.0 0 0 0 0 0 0 0 1 0 0
 87.5145 81.5565 2.0 180.0 0 0 0 0 0 0 0 1 0 0
 87.5281 20.1185 2.0 18.0 1 0 0 0 0 0 0 0 0 0
 87.6496 78.6992 2.0 180.0 0 0 1 0 0 0 0 0 0 0
 87.8348 25.0991 2.0 9.0 1 0 0 0 0 0 0 0 0 0
 88.0587 122.668 2.0 9.0 0 0 1 1 0 0 1 1 0 1
 88.2074 124.073 2.0 9.0 0 1 1 0 0 0 1 0 1 0
 88.2822 73.5023 2.0 99.0 1 0 0 0 0 1 1 0 0 0
 88.3598 123.6 2.0 0.0 0 1 0 0 0 0 0 0 0 0
 88.402 15.1661 2.0 36.0 0 1 1 1 0 0 0 0 0 0
 88.6503 119.122 2.0 99.0 0 1 0 0 0 1 0 0 0 0
 88.8532 18.019 2.0 9.0 0 1 0 0 0 0 0 0 1 0
 89.0326 125.594 2.0 0.0 0 1 0 0 0 0 0 0 0 0
 89.4595 77.8942 2.0 180.0 0 0 0 0 0 0 0 1 0 0
 89.9057 20.8911 2.0 18.0 1 0 0 0 0 0 0 0 0 0
 90.0 122.5 2.0 0.0 0 1 0 0 0 0 0 0 0 0
 90.0 20.0 2.0 0.0 1 0 0 0 0 1 0 0 0 0
 90.0 22.5 2.0 0.0 1 0 0 0 0 1 1 0 0 0
 90.0 85.0 2.0 0.0 1 0 0 0 0 0 0 0 0 0
 90.0 85.0 2.0 180.0 0 0 0 0 0 0 0 1 0 0
 90.0145 81.5565 2.0 180.0 0 0 0 0 0 0 0 1 0 0
 90.1496 78.6992 2.0 180.0 0 0 1 0 0 0 0 0 0 0
 90.304 25.4902 2.0 9.0 1 0 0 0 0 0 0 0 0 0
 90.4245 16.6356 2.0 36.0 0 1 1 1 0 0 0 0 0 0
 90.5279 123.059 2.0 9.0 0 0 1 1 0 0 1 1 0 1
 90.6767 124.464 2.0 9.0 0 1 1 0 0 0 1 0 1 0
 90.7514 73.8934 2.0 99.0 1 0 0 0 0 1 1 0 0 0
 90.8598 123.6 2.0 0.0 0 1 0 0 0 0 0 0 0 0
 91.1195 119.513 2.0 99.0 0 1 0 0 0 1 0 0 0 0
 91.3224 18.4101 2.0 9.0 1 0 0 0 0 0 0 0 0 0
 91.5326 125.594 2.0 0.0 0 1 0 0 0 0 0 0 0 0
 91.9595 77.8942 2.0 180.0 0 0 0 0 0 0 0 1 0 0
 92.2833 21.6636 2.0 18.0 1 0 0 0 0 0 0 0 0 0
 92.4471 18.1051 2.0 36.0 0 1 1 1 0 0 0 0 0 0
 92.5 122.5 2.0 0.0 0 1 0 0 0 0 0 0 0 0
 92.5 20.0 2.0 0.0 1 0 0 0 0 1 0 0 0 0
 92.5 22.5 2.0 0.0 1 0 0 0 0 1 1 0 0 0
 92.5 85.0 2.0 0.0 1 0 0 0 0 0 0 0 0 0
 92.5 85.0 2.0 180.0 0 0 0 0 0 0 0 1 0 0
 92.5145 81.5565 2.0 180.0 0 0 0 0 0 0 0 1 0 0
 92.6496 78.6992 2.0 180.0 0 0 1 0 0 0 0 0 0 0
 92.7732 25.8813 2.0 9.0 1 0 0 0 0 0 0 0 0 0
 93.1459 124.855 2.0 9.0 0 1 1 0 0 0 1 0 1 0
 93.2207 74.2845 2.0 99.0 1 0 0 0 0 1 1 0 0 0
 93.3598 123.6 2.0 0.0 0 1 0 0 0 0 0 0 0 0
 93.3883 120.981 2.0 9.0 0 0 1 1 0 0 1 1 0 1
 93.5888 119.904 2.0 99.0 0 1 0 0 0 1 0 0 0 0
 93.7793 118.512 2.0 9.0 0 0 1 1 0 0 1 1 0 1
 93.7916 18.8011 2.0 9.0 1 0 0 0 0 0 0 0 0 0
 94.0326 125.594 2.0 0.0 0 1 0 0 0 0 0 0 0 0
 94.4595 77.8942 2.0 180.0 0 0 0 0 0 0 0 1 0 0
 94.4696 19.5745 2.0 36.0 0 1 1 1 0 0 0 0 0 0
 94.661 22.4361 2.0 18.0 1 0 0 0 0 0 0 0 0 0
 95.0 122.5 2.0 0.0 0 1 0 0 0 0 0 0 0 0
 95.0 20.0 2.0 0.0 1 0 0 0 0 1 0 0 0 0
 95.0 22.5 2.0 0.0 1 0 0 0 0 1 1 0 0 0
 95.0 85.0 2.0 0.0 1 0 0 0 0 0 0 0 0 0
 95.0 85.0 2.0 180.0 0 0 0 0 0 0 0 1 0 0
 95.0145 81.5565 2.0 180.0 0 0 0 0 0 0 0 1 0 0
 95.1496 78.6992 2.0 180.0 0 0 1 0 0 0 0 0 0 0
 95.2425 26.2724 2.0 9.0 1 0 0 0 0 0 0 0 0 0
 95.6151 125.246 2.0 9.0 0 1 1 0 0 0 1 0 1 0
 95.6899 74.6755 2.0 99.0 1 0 0 0 0 1 1 0 0 0
 95.8598 123.6 2.0 0.0 0 1 0 0 0 0 0 0 0 0
 96.058 120.295 2.0 99.0 0 1 0 0 0 1 0 0 0 0
 96.2486 118.903 2.0 9.0 0 0 1 1 0 0 1 1 0 1
 96.2608 19.1922 2.0 18.0 1 0 0 0 0 0 0 0 0 0
 96.2608 19.1922 2.0 27.0 1 0 0 0 0 0 0 0 0 0
 96.2608 19.1922 2.0 36.0 1 0 0 0 0 0 0 0 0 0
 96.2608 19.1922 2.0 45.0 1 0 0 0 0 0 0 0 0 0
 96.2608 19.1922 2.0 54.0 1 0 0 0 0 0 0 0 0 0
 96.2608 19.1922 2.0 63.0 1 0 0 0 0 0 0 0 0 0
 96.2608 19.1922 2.0 9.0 1 0 0 0 0 0 0 0 0 0
 96.4922 21.044 2.0 36.0 0 1 1 1 0 0 0 0 0 0
 96.5326 125.594 2.0 0.0 0 1 0 0 0 0 0 0 0 0
 96.9595 77.8942 2.0 180.0 0 0 0 0 0 0 0 1 0 0
 97.0334 21.5699 2.0 72.0 1 0 0 0 0 0 0 0 0 0
 97.0386 23.2087 2.0 18.0 1 0 0 0 0 0 0 0 0 0
 97.5 122.5 2.0 0.0 0 1 0 0 0 0 0 0 0 0
 97.5 20.0 2.0 0.0 1 0 0 0 0 1 0 0 0 0
 97.5 22.5 2.0 0.0 1 0 0 0 0 1 0 0 0 0
 97.5 22.5 2.0 0.0 1 0 0 0 0 1 1 0 0 0
 97.5 25.0 2.0 0.0 1 0 0 0 0 1 0 0 0 0
 97.5 27.5 2.0 0.0 1 0 0 0 0 0 1 0 0 0
 97.5 30.0 2.0 0.0 1 0 0 0 0 0 1 0 0 0
 97.5 32.5 2.0 0.0 1 0 0 0 0 0 1 0 0 0
 97.5 35.0 2.0 0.0 1 0 0 0 0 0 1 0 0 0
 97.5 37.5 2.0 0.0 1 0 0 0 0 0 1 0 0 0
 97.5 40.0 2.0 0.0 1 0 0 0 0 0 1 0 0 0
 97.5 42.5 2.0 0.0 1 0 0 0 0 0 1 0 0 0
 97.5 45.0 2.0 0.0 1 0 0 0 0 0 1 0 0 0
 97.5 85.0 2.0 0.0 0 0 0 0 0 0 0 1 0 0
 97.5 85.0 2.0 180.0 0 0 0 0 0 0 0 1 0 0
 97.5145 81.5565 2.0 180.0 0 0 0 0 0 0 0 1 0 0
 97.6496 78.6992 2.0 180.0 0 0 1 0 0 0 0 0 0 0
 97.7117 26.6635 2.0 9.0 1 0 0 0 0 0 0 0 0 0
 97.8059 23.9475 2.0 72.0 1 0 0 0 0 0 0 0 0 0
 98.0843 125.637 2.0 9.0 0 1 1 0 0 0 1 0 1 0
 98.1591 75.0666 2.0 99.0 1 0 0 0 0 1 1 0 0 0
 98.3598 123.6 2.0 0.0 0 1 0 0 0 0 0 0 0 0
 98.5147 22.5134 2.0 36.0 0 1 1 1 0 0 0 0 0 0
 98.5272 120.686 2.0 99.0 0 0 0 0 0 0 0 0 0 0
 98.5785 26.3252 2.0 72.0 0 0 0 1 0 0 0 0 0 0
 98.7178 119.294 2.0 9.0 0 0 1 1 0 0 1 1 0 1
 99.0326 125.594 2.0 0.0 0 1 0 0 0 0 0 0 0 0
 99.351 28.7028 2.0 72.0 0 0 0 1 0 0 0 0 0 0
 99.4163 23.9812 2.0 18.0 1 0 0 0 0 0 0 0 0 0
 99.4595 77.8942 2.0 180.0 0 0 0 0 0 0 0 1 0 0
 99.8385 37.0999 2.0 36.0 1 0 0 0 0 0 0 0 1 0
 99.8385 37.0999 2.0 45.0 1 0 0 0 0 0 0 0 1 0
 99.8385 37.0999 2.0 54.0 1 0 0 0 0 0 0 0 1 0
 99.8385 37.0999 2.0 63.0 1 0 0 0 0 0 0 0 1 0
 99.8385 37.0999 2.0 72.0 1 0 0 0 0 0 0 0 1 0
 99.8385 37.0999 2.0 81.0 1 0 0 0 0 0 0 0 1 0
 99.8385 37.0999 2.0 90.0 1 0 0 0 0 0 0 0 0 0
 99.8385 37.0999 2.0 99.0 1 0 0 0 0 0 0 0 0 0
 100.0 122.5 2.0 0.0 0 1 0 0 0 0 0 0 0 0
 100.0 22.5 2.0 0.0 1 0 0 0 0 1 1 0 0 0
 100.0 25.0 2.0 0.0 1 0 0 0 0 1 1 0 0 0
 100.0 27.5 2.0 0.0 1 0 0 0 0 1 1 0 0 0
 100.0 30.0 2.0 0.0 0 0 1 0 0 0 1 0 0 0
 100.0 32.5 2.0 0.0 0 0 1 0 0 0 1 0 0 0
 100.0 35.0 2.0 0.0 0 0 1 0 0 0 1 0 0 0
 100.0 37.5 2.0 0.0 0 0 1 0 0 0 1 0 0 0
 100.0 40.0 2.0 0.0 0 0 1 0 0 0 1 0 0 0
 100.0 42.5 2.0 0.0 0 0 1 0 0 0 1 0 0 0
 100.0 45.0 2.0 0.0 0 0 1 0 0 0 1 0 0 0
 100.0 45.0 2.0 0.0 1 0 0 0 0 0 1 0 0 0
 100.0 85.0 2.0 0.0 0 0 0 0 0 0 0 1 0 0
 100.0 85.0 2.0 180.0 0 0 0 0 0 0 0 1 0 0
 100.014 81.5565 2.0 180.0 0 0 0 0 0 0 0 1 0 0
 100.124 31.0804 2.0 72.0 0 0 0 1 0 0 0 0 0 0
 100.15 78.6992 2.0 180.0 0 0 1 0 0 0 0 0 0 0
 100.181 27.0546 2.0 9.0 1 0 0 0 0 0 0 0 0 0
 100.23 34.6306 2.0 99.0 1 0 0 0 0 0 0 0 0 0
 100.537 23.9829 2.0 36.0 0 1 1 1 0 0 0 0 0 0
 100.554 126.028 2.0 9.0 0 1 1 0 0 0 1 0 1 0
 100.621 32.1614 2.0 99.0 1 0 0 0 0 0 0 0 0 0
 100.628 75.4577 2.0 99.0 1 0 0 0 0 1 1 0 0 0
 100.86 123.6 2.0 0.0 0 1 0 0 0 0 0 0 0 0
 100.896 33.4581 2.0 72.0 0 0 0 1 0 0 0 0 0 0
 100.996 121.077 2.0 99.0 0 0 0 0 0 0 0 0 0 0
 101.012 29.6922 2.0 99.0 1 0 0 0 0 0 0 0 0 0
 101.105 32.201 2.0 108.0 0 1 0 0 0 1 0 0 0 0
 101.165 40.1064 2.0 108.0 0 1 0 0 0 1 0 0 0 0
 101.165 40.1064 2.0 36.0 0 1 0 0 0 1 0 0 0 0
 101.165 40.1064 2.0 45.0 0 1 0 0 0 1 0 0 0 0
 101.165 40.1064 2.0 54.0 0 0 0 1 0 0 0 0 0 0
 101.165 40.1064 2.0 54.0 0 1 0 0 0 1 0 0 0 0
 101.165 40.1064 2.0 63.0 0 0 0 1 0 0 0 0 0 0
 101.165 40.1064 2.0 63.0 0 1 0 0 0 1 0 0 0 0
 101.165 40.1064 2.0 72.0 0 0 0 1 0 0 0 0 0 0
 101.165 40.1064 2.0 72.0 0 1 0 0 0 1 0 0 0 0
 101.165 40.1064 2.0 81.0 0 0 0 1 0 0 0 0 0 0
 101.165 40.1064 2.0 81.0 0 1 0 0 0 1 0 0 0 0
 101.165 40.1064 2.0 90.0 0 0 0 1 0 0 0 0 0 0
 101.165 40.1064 2.0 90.0 0 1 0 0 0 1 0 0 0 0
 101.165 40.1064 2.0 99.0 0 1 0 0 0 1 0 0 0 0
 101.187 119.685 2.0 9.0 0 0 1 1 0 0 1 1 0 1
 101.403 27.223 2.0 99.0 1 0 0 0 0 0 0 0 0 0
 101.533 125.594 2.0 0.0 0 1 0 0 0 0 0 0 0 0
 101.669 35.8357 2.0 72.0 0 0 0 1 0 0 0 0 0 0
 101.794 24.7538 2.0 18.0 1 0 0 0 0 0 0 0 0 0
 101.794 24.7538 2.0 27.0 1 0 0 0 0 0 0 0 0 0
 101.794 24.7538 2.0 36.0 1 0 0 0 0 0 0 0 0 0
 101.794 24.7538 2.0 45.0 1 0 0 0 0 0 0 0 0 0
 101.794 24.7538 2.0 54.0 1 0 0 0 0 0 0 0 0 0
 101.794 24.7538 2.0 63.0 1 0 0 0 0 0 0 0 0 0
 101.794 24.7538 2.0 72.0 1 0 0 0 0 0 0 0 0 0
 101.794 24.7538 2.0 81.0 1 0 0 0 0 0 0 0 0 0
 101.794 24.7538 2.0 90.0 1 0 0 0 0 0 0 0 0 0
 101.878 29.8233 2.0 108.0 0 1 0 0 0 1 0 0 0 0
 101.938 37.7288 2.0 108.0 0 1 0 0 0 1 0 0 0 0
 101.96 77.8942 2.0 180.0 0 0 0 0 0 0 0 1 0 0
 102.066 38.2348 2.0 27.0 1 0 0 0 0 0 0 0 1 0
 102.441 38.2134 2.0 72.0 0 0 0 1 0 0 0 0 0 0
 102.5 122.5 2.0 0.0 0 1 0 0 0 0 0 0 0 0
 102.5 45.0 2.0 0.0 0 0 1 0 0 0 1 0 0 0
 102.5 45.0 2.0 0.0 1 0 0 0 0 0 1 0 0 0
 102.5 85.0 2.0 0.0 0 0 0 0 0 0 0 1 0 0
 102.5 85.0 2.0 180.0 0 0 0 0 0 0 0 1 0 0
 102.514 81.5565 2.0 180.0 0 0 0 0 0 0 0 1 0 0
 102.56 25.4524 2.0 36.0 0 1 1 1 0 0 0 0 0 0
 102.65 27.4457 2.0 18.0 1 0 0 0 0 0 0 0 0 0
 102.65 27.4457 2.0 27.0 1 0 0 0 0 0 0 0 0 0
 102.65 27.4457 2.0 36.0 1 0 0 0 0 0 0 0 0 0
 102.65 27.4457 2.0 45.0 1 0 0 0 0 0 0 0 0 0
 102.65 27.4457 2.0 54.0 1 0 0 0 0 0 0 0 0 0
 102.65 27.4457 2.0 63.0 1 0 0 0 0 0 0 0 0 0
 102.65 27.4457 2.0 72.0 1 0 0 0 0 0 0 0 0 0
 102.65 27.4457 2.0 81.0 1 0 0 0 0 0 0 0 0 0
 102.65 27.4457 2.0 9.0 1 0 0 0 0 0 0 0 0 0
 102.65 27.4457 2.0 90.0 0 0 0 0 0 0 0 0 0 0
 102.65 27.4457 2.0 99.0 0 0 0 0 0 0 0 0 0 0
 102.65 78.6992 2.0 180.0 0 0 1 0 0 0 0 0 0 0
 102.71 35.3511 2.0 108.0 0 1 0 0 0 1 0 0 0 0
 103.023 126.419 2.0 9.0 0 1 1 0 0 0 1 0 1 0
 103.098 75.8488 2.0 99.0 1 0 0 0 0 1 1 0 0 0
 103.214 40.591 2.0 72.0 0 0 0 1 0 0 0 0 0 0
 103.36 123.6 2.0 0.0 0 1 0 0 0 0 0 0 0 0
 103.466 121.468 2.0 99.0 0 0 0 0 0 0 0 0 0 0
 103.483 32.9735 2.0 108.0 0 1 0 0 0 1 0 0 0 0
 103.634 40.4975 2.0 99.0 0 0 0 1 0 0 0 0 0 0
 103.656 120.076 2.0 9.0 0 0 1 1 0 0 1 1 0 1
 103.986 42.9686 2.0 72.0 0 0 0 1 0 0 0 0 0 0
 104.033 125.594 2.0 0.0 0 1 0 0 0 0 0 0 0 0
 104.159 24.6424 2.0 108.0 0 0 1 0 0 0 0 0 0 0
 104.159 24.6424 2.0 117.0 0 0 1 0 0 0 0 0 0 0
 104.159 24.6424 2.0 126.0 0 0 1 0 0 0 0 0 0 0
 104.159 24.6424 2.0 135.0 0 0 1 0 0 0 0 0 0 0
 104.159 24.6424 2.0 144.0 0 0 1 0 0 0 0 0 0 0
 104.159 24.6424 2.0 153.0 0 0 1 0 0 0 0 0 0 0
 104.159 24.6424 2.0 162.0 0 0 1 0 0 0 0 0 0 0
 104.159 24.6424 2.0 171.0 0 0 1 0 0 0 0 0 0 0
 104.159 24.6424 2.0 180.0 0 0 1 0 0 0 0 0 0 0
 104.159 24.6424 2.0 189.0 0 0 1 0 0 0 0 0 0 0
 104.159 24.6424 2.0 99.0 0 0 1 0 0 0 0 0 0 0
 104.159 27.1424 2.0 90.0 0 0 1 0 0 0 0 0 0 0
 104.159 29.6424 2.0 90.0 0 0 1 0 0 0 0 0 0 0
 104.159 32.1424 2.0 90.0 0 0 1 0 0 0 0 0 0 0
 104.159 34.6424 2.0 90.0 0 0 1 0 0 0 0 0 0 0
 104.159 37.1424 2.0 90.0 0 0 1 0 0 0 0 0 0 0
 104.159 39.6424 2.0 27.0 0 1 0 0 0 0 0 0 0 0
 104.159 39.6424 2.0 36.0 0 1 0 0 0 0 0 0 0 0
 104.159 39.6424 2.0 45.0 0 1 0 0 0 0 0 0 0 0
 104.159 39.6424 2.0 54.0 0 1 0 0 0 0 0 0 0 0
 104.159 39.6424 2.0 63.0 0 1 0 0 0 0 0 0 0 0
 104.159 39.6424 2.0 72.0 0 1 0 0 0 0 0 0 0 0
 104.159 39.6424 2.0 81.0 0 1 0 0 0 0 0 0 0 0
 104.159 39.6424 2.0 90.0 0 0 1 0 0 0 0 0 0 0
 104.159 39.6424 2.0 90.0 0 1 0 0 0 0 0 0 0 0
 104.159 42.1424 2.0 90.0 0 0 1 0 0 0 0 0 0 0
 104.159 42.1424 2.0 90.0 0 1 0 0 0 0 0 0 0 0
 104.159 44.6424 2.0 90.0 0 0 1 0 0 0 0 0 0 0
 104.159 47.1424 2.0 90.0 0 0 1 0 0 0 0 0 0 0
 104.294 39.3698 2.0 27.0 1 0 0 0 0 0 0 0 1 0
 104.46 77.8942 2.0 180.0 0 0 0 0 0 0 0 1 0 0
 104.582 26.9218 2.0 36.0 0 1 1 1 0 0 0 0 0 0
 105.0 122.5 2.0 0.0 0 1 0 0 0 0 0 0 0 0
 105.0 45.0 2.0 0.0 0 0 1 0 0 0 1 0 0 0
 105.0 45.0 2.0 0.0 1 0 0 0 0 0 1 0 0 0
 105.0 85.0 2.0 0.0 0 0 0 0 0 0 0 1 0 0
 105.0 85.0 2.0 180.0 0 0 0 0 0 0 0 1 0 0
 105.014 81.5565 2.0 180.0 0 0 0 0 0 0 0 1 0 0
 105.15 78.6992 2.0 180.0 0 0 1 0 0 0 0 0 0 0
 105.492 126.81 2.0 9.0 0 1 1 0 0 0 1 0 1 0
 105.567 76.2399 2.0 99.0 1 0 0 0 0 1 1 0 0 0
 105.86 123.6 2.0 0.0 0 1 0 0 0 0 0 0 0 0
 105.935 121.859 2.0 99.0 0 0 0 0 0 0 0 0 0 0
 106.103 40.8886 2.0 99.0 0 0 0 1 0 0 0 0 0 0
 106.125 120.467 2.0 9.0 0 0 1 1 0 0 1 1 0 1
 106.364 42.1961 2.0 72.0 0 0 0 1 0 0 0 0 0 0
 106.521 40.5048 2.0 27.0 1 0 0 0 0 0 0 0 1 0
 106.533 125.594 2.0 0.0 0 1 0 0 0 0 0 0 0 0
 106.536 40.415 2.0 18.0 0 1 0 0 0 0 0 0 0 0
 106.605 28.3913 2.0 36.0 0 1 1 1 0 0 0 0 0 0
 106.628 25.0335 2.0 189.0 0 0 1 0 0 0 0 0 0 0
 106.96 77.8942 2.0 180.0 0 0 0 0 0 0 0 1 0 0
 107.5 122.5 2.0 0.0 0 1 0 0 0 0 0 0 0 0
 107.5 45.0 2.0 0.0 1 0 0 0 0 0 0 0 0 0
 107.5 45.0 2.0 0.0 1 0 0 0 0 0 1 0 0 0
 107.5 85.0 2.0 0.0 0 0 0 0 0 0 0 1 0 0
 107.5 85.0 2.0 180.0 0 0 0 0 0 0 0 1 0 0
 107.514 81.5565 2.0 180.0 0 0 0 0 0 0 0 1 0 0
 107.65 78.6992 2.0 180.0 0 0 1 0 0 0 0 0 0 0
 107.961 127.201 2.0 9.0 0 1 1 0 0 0 1 0 1 0
 108.036 76.631 2.0 99.0 1 0 0 0 0 1 1 0 0 0
 108.074 26.3688 2.0 36.0 0 1 1 1 0 0 0 0 0 0
 108.352 124.732 2.0 9.0 0 1 1 0 0 0 1 0 1 0
 108.36 123.6 2.0 0.0 0 1 0 0 0 0 0 0 0 0
 108.404 122.25 2.0 99.0 0 0 0 0 0 0 0 0 0 0
 108.573 41.2797 2.0 99.0 0 0 0 1 0 0 0 0 0 0
 108.595 120.858 2.0 9.0 0 0 1 1 0 0 1 1 0 1
 108.742 41.4236 2.0 72.0 0 0 0 1 0 0 0 0 0 0
 108.743 122.263 2.0 9.0 0 1 1 0 0 0 1 0 1 0
 108.749 41.6398 2.0 27.0 1 0 0 0 0 0 0 0 1 0
 108.914 41.1875 2.0 18.0 0 1 0 0 0 0 0 0 0 0
 109.033 125.594 2.0 0.0 0 1 0 0 0 0 0 0 0 0
 109.097 25.4246 2.0 189.0 0 0 1 0 0 0 0 0 0 0
 109.134 119.794 2.0 9.0 0 1 1 0 0 0 1 0 1 0
 109.46 77.8942 2.0 180.0 0 0 0 0 0 0 0 1 0 0
 109.526 117.324 2.0 9.0 0 1 1 0 0 0 1 0 1 0
 109.544 24.3462 2.0 36.0 0 0 0 0 1 0 0 0 0 0
 110.0 122.5 2.0 0.0 0 1 0 0 0 0 0 0 0 0
 110.0 45.0 2.0 0.0 1 0 0 0 0 0 0 0 0 0
 110.0 45.0 2.0 0.0 1 0 0 0 0 0 1 0 0 0
 110.0 85.0 2.0 0.0 0 0 0 0 0 0 0 1 0 0
 110.0 85.0 2.0 180.0 0 0 0 0 0 0 0 1 0 0
 110.014 81.5565 2.0 180.0 0 0 0 0 0 0 0 1 0 0
 110.15 78.6992 2.0 180.0 0 0 1 0 0 0 0 0 0 0
 110.505 77.022 2.0 99.0 1 0 0 0 0 1 1 0 0 0
 110.86 123.6 2.0 0.0 0 1 0 0 0 0 0 0 0 0
 110.873 122.641 2.0 99.0 0 0 0 0 0 0 0 0 0 0
 110.976 42.7747 2.0 27.0 1 0 0 0 0 0 0 0 1 0
 111.042 41.6708 2.0 99.0 0 0 0 1 0 0 0 0 0 0
 111.064 121.249 2.0 9.0 0 0 1 1 0 0 1 1 0 1
 111.119 40.651 2.0 72.0 0 0 0 1 0 0 0 0 0 0
 111.292 41.96 2.0 18.0 0 0 1 0 0 0 0 0 0 0
 111.533 125.594 2.0 0.0 0 1 0 0 0 0 0 0 0 0
 111.566 25.8157 2.0 18.0 0 0 1 0 0 0 0 0 0 0
 111.566 25.8157 2.0 189.0 0 0 1 0 0 0 0 0 0 0
 111.566 25.8157 2.0 27.0 0 0 1 0 0 0 0 0 0 0
 111.566 25.8157 2.0 36.0 0 0 0 0 1 0 0 0 0 0
 111.566 25.8157 2.0 36.0 0 0 1 0 0 0 0 0 0 0
 111.96 77.8942 2.0 180.0 0 0 0 0 0 0 0 1 0 0
 112.386 115.246 2.0 9.0 0 1 1 0 0 0 1 0 1 0
 112.5 122.5 2.0 0.0 0 1 0 0 0 0 0 0 0 0
 112.5 45.0 2.0 0.0 1 0 0 0 0 0 0 0 0 0
 112.5 45.0 2.0 0.0 1 0 0 0 0 0 1 0 0 0
 112.5 85.0 2.0 0.0 0 0 0 0 0 0 0 1 0 0
 112.5 85.0 2.0 180.0 0 0 0 0 0 0 0 1 0 0
 112.514 81.5565 2.0 180.0 0 0 0 0 0 0 0 1 0 0
 112.65 78.6992 2.0 180.0 0 0 1 0 0 0 0 0 0 0
 112.974 77.4131 2.0 99.0 0 0 0 0 0 1 0 0 0 0
 113.204 43.9097 2.0 27.0 1 0 0 0 0 0 0 0 1 0
 113.343 123.032 2.0 99.0 0 0 0 0 0 0 0 0 0 0
 113.36 123.6 2.0 0.0 0 1 0 0 0 0 0 0 0 0
 113.497 39.8785 2.0 72.0 1 0 1 1 0 0 0 1 0 0
 113.511 42.0618 2.0 99.0 0 0 0 1 0 0 0 0 0 0
 113.533 121.64 2.0 9.0 0 0 1 1 0 0 1 1 0 1
 113.669 42.7326 2.0 18.0 0 0 1 0 0 0 0 0 0 0
 114.033 125.594 2.0 0.0 0 1 0 0 0 0 0 0 0 0
 114.036 26.2068 2.0 0.0 0 1 0 0 1 0 0 0 0 0
 114.036 26.2068 2.0 198.0 0 0 1 0 0 0 0 0 0 0
 114.036 26.2068 2.0 207.0 0 0 1 0 0 0 0 0 0 0
 114.036 26.2068 2.0 216.0 0 1 0 0 1 0 0 0 0 0
 114.036 26.2068 2.0 225.0 0 1 0 0 1 0 0 0 0 0
 114.036 26.2068 2.0 234.0 0 1 0 0 1 0 0 0 0 0
 114.036 26.2068 2.0 243.0 0 1 0 0 1 0 0 0 0 0
 114.036 26.2068 2.0 252.0 0 1 0 0 1 0 0 0 0 0
 114.036 26.2068 2.0 261.0 0 1 0 0 1 0 0 0 0 0
 114.036 26.2068 2.0 270.0 0 1 0 0 1 0 0 0 0 0
 114.036 26.2068 2.0 279.0 0 1 0 0 1 0 0 0 0 0
 114.036 26.2068 2.0 288.0 0 1 0 0 1 0 0 0 0 0
 114.036 26.2068 2.0 297.0 0 1 0 0 1 0 0 0 0 0
 114.036 26.2068 2.0 306.0 0 1 0 0 1 0 0 0 0 0
 114.036 26.2068 2.0 315.0 0 1 0 0 1 0 0 0 0 0
 114.036 26.2068 2.0 324.0 0 1 0 0 1 0 0 0 0 0
 114.036 26.2068 2.0 333.0 0 1 0 0 1 0 0 0 0 0
 114.036 26.2068 2.0 342.0 0 1 0 0 1 0 0 0 0 0
 114.036 26.2068 2.0 351.0 0 1 0 0 1 0 0 0 0 0
 114.036 26.2068 2.0 9.0 0 0 1 0 0 0 0 0 0 0
 114.46 77.8942 2.0 180.0 0 0 0 0 0 0 0 1 0 0
 114.855 115.637 2.0 9.0 0 1 1 0 0 0 1 0 1 0
 115.0 122.5 2.0 0.0 0 1 0 0 0 0 0 0 0 0
 115.0 45.0 2.0 0.0 1 0 0 0 0 0 0 0 0 0
 115.0 45.0 2.0 0.0 1 0 0 0 0 0 1 0 0 0
 115.0 47.5 2.0 0.0 1 0 0 0 0 0 0 0 0 0
 115.0 50.0 2.0 0.0 1 0 0 0 0 0 0 0 0 0
 115.0 52.5 2.0 0.0 1 0 0 0 0 0 0 0 0 0
 115.0 55.0 2.0 0.0 0 0 0 0 0 0 1 0 0 0
 115.0 57.5 2.0 0.0 0 0 0 0 0 0 1 0 0 0
 115.0 60.0 2.0 0.0 0 0 0 0 0 0 1 0 0 0
 115.0 62.5 2.0 0.0 0 0 0 0 0 0 1 0 0 0
 115.0 65.0 2.0 0.0 0 0 0 0 0 0 1 0 0 0
 115.0 85.0 2.0 0.0 0 0 0 0 0 0 0 1 0 0
 115.0 85.0 2.0 180.0 0 0 0 0 0 0 0 1 0 0
 115.014 81.5565 2.0 180.0 0 0 0 0 0 0 0 1 0 0
 115.15 78.6992 2.0 180.0 0 0 1 0 0 0 0 0 0 0
 115.431 45.0447 2.0 27.0 1 0 0 0 0 0 0 0 1 0
 115.444 77.8042 2.0 99.0 0 0 0 0 0 1 0 0 0 0
 115.812 123.423 2.0 99.0 0 0 0 0 0 0 0 0 0 0
 115.86 123.6 2.0 0.0 0 1 0 0 0 0 0 0 0 0
 115.874 39.1059 2.0 72.0 1 0 1 1 0 0 0 1 0 0
 115.98 42.4529 2.0 99.0 0 0 0 1 0 0 0 0 0 0
 116.002 122.031 2.0 9.0 0 0 1 1 0 0 1 1 0 1
 116.047 43.5051 2.0 18.0 0 0 1 0 0 0 0 0 0 0
 116.533 125.594 2.0 0.0 0 1 0 0 0 0 0 0 0 0
 116.533 125.594 2.0 288.0 1 0 0 0 0 0 0 0 0 0
 116.533 125.594 2.0 297.0 0 1 0 0 0 0 0 0 0 0
 116.533 125.594 2.0 306.0 0 1 0 0 0 0 0 0 0 0
 116.533 125.594 2.0 315.0 0 1 0 0 0 0 0 0 0 0
 116.533 125.594 2.0 324.0 0 1 0 0 0 0 0 0 0 0
 116.533 125.594 2.0 333.0 0 1 0 0 0 0 0 0 0 0
 116.533 125.594 2.0 342.0 0 1 0 0 0 0 0 0 0 0
 116.533 125.594 2.0 351.0 0 1 0 0 0 0 0 0 0 0
 116.647 41.4836 2.0 72.0 1 0 1 1 0 0 0 1 0 0
 116.924 123.125 2.0 279.0 1 0 0 0 0 0 0 0 0 0
 116.96 77.8942 2.0 180.0 0 0 0 0 0 0 0 1 0 0
 117.315 120.656 2.0 279.0 1 0 0 0 0 0 0 0 0 0
 117.324 116.028 2.0 9.0 0 1 1 0 0 0 1 0 1 0
 117.42 43.8612 2.0 72.0 1 0 1 1 0 0 0 1 0 0
 117.5 122.5 2.0 0.0 0 1 0 0 0 0 0 0 0 0
 117.5 45.0 2.0 0.0 1 0 0 0 0 0 1 0 0 0
 117.5 65.0 2.0 0.0 0 0 0 0 0 0 1 0 0 0
 117.5 85.0 2.0 0.0 0 0 0 0 0 0 0 1 0 0
 117.5 85.0 2.0 180.0 0 0 0 0 0 0 0 1 0 0
 117.514 81.5565 2.0 180.0 0 0 0 0 0 0 0 1 0 0
 117.65 78.6992 2.0 180.0 0 0 1 0 0 0 0 0 0 0
 117.659 46.1797 2.0 27.0 1 0 0 0 0 0 0 0 1 0
 117.706 118.187 2.0 279.0 1 0 0 0 0 0 0 0 0 0
 117.913 78.1953 2.0 99.0 0 0 0 0 0 1 0 0 0 0
 118.097 115.717 2.0 279.0 1 0 0 0 0 0 0 0 0 0
 118.192 46.2388 2.0 72.0 1 0 1 1 0 0 0 1 0 0
 118.281 123.815 2.0 99.0 0 0 0 0 0 0 0 0 0 0
 118.36 123.6 2.0 0.0 0 1 0 0 0 0 0 0 0 0
 118.425 44.2777 2.0 18.0 0 0 1 0 0 0 0 0 0 0
 118.45 42.844 2.0 99.0 0 0 0 1 0 0 0 0 0 0
 118.472 122.423 2.0 0.0 0 1 1 0 0 0 0 0 0 0
 118.472 122.423 2.0 297.0 0 1 1 0 0 0 0 0 0 0
 118.472 122.423 2.0 306.0 0 1 1 0 0 0 0 0 0 0
 118.472 122.423 2.0 315.0 0 1 1 0 0 0 0 0 0 0
 118.472 122.423 2.0 324.0 0 1 1 0 0 0 0 0 0 0
 118.472 122.423 2.0 333.0 0 1 1 0 0 0 0 0 0 0
 118.472 122.423 2.0 342.0 0 1 1 0 0 0 0 0 0 0
 118.472 122.423 2.0 351.0 0 1 1 0 0 0 0 0 0 0
 118.472 122.423 2.0 9.0 0 1 1 0 0 0 0 0 0 0
 118.488 113.248 2.0 279.0 1 0 0 0 0 0 0 0 0 0
 118.879 110.779 2.0 279.0 1 0 0 0 0 0 0 0 0 0
 119.244 120.045 2.0 288.0 0 1 1 0 0 0 0 0 0 0
 119.27 108.31 2.0 279.0 1 0 0 0 0 0 0 0 0 0
 119.46 77.8942 2.0 180.0 0 0 0 0 0 0 0 1 0 0
 119.661 105.841 2.0 279.0 1 0 0 0 0 0 0 0 0 0
 119.794 116.42 2.0 9.0 0 1 1 0 0 0 1 0 1 0
 119.796 55.5825 2.0 108.0 1 0 0 0 0 0 0 0 1 0
 119.796 55.5825 2.0 27.0 1 0 0 0 0 0 0 0 1 0
 119.796 55.5825 2.0 36.0 1 0 0 0 0 0 0 0 1 0
 119.796 55.5825 2.0 45.0 1 0 0 0 0 0 0 0 1 0
 119.796 55.5825 2.0 54.0 1 0 0 0 0 0 0 0 1 0
 119.796 55.5825 2.0 63.0 1 0 0 0 0 0 0 0 1 0
 119.796 55.5825 2.0 72.0 1 0 0 0 0 0 0 0 1 0
 119.796 55.5825 2.0 81.0 1 0 0 0 0 0 0 0 1 0
 119.796 55.5825 2.0 90.0 1 0 0 0 0 0 0 0 1 0
 119.796 55.5825 2.0 99.0 1 0 0 0 0 0 0 0 1 0
 119.886 47.3146 2.0 27.0 1 0 0 0 0 0 0 0 1 0
 120.0 122.5 2.0 0.0 0 1 0 0 0 0 0 0 0 0
 120.0 45.0 2.0 0.0 1 0 0 0 0 0 1 0 0 0
 120.0 47.5 2.0 0.0 1 0 0 0 0 0 1 0 0 0
 120.0 50.0 2.0 0.0 1 0 0 0 0 0 1 0 0 0
 120.0 52.5 2.0 0.0 1 0 0 0 0 0 1 0 0 0
 120.0 55.0 2.0 0.0 1 0 0 0 0 0 1 0 0 0
 120.0 57.5 2.0 0.0 1 0 0 0 0 0 1 0 0 0
 120.0 60.0 2.0 0.0 1 0 0 0 0 0 1 0 0 0
 120.0 62.5 2.0 0.0 1 0 0 0 0 0 1 0 0 0
 120.0 65.0 2.0 0.0 1 0 0 0 0 0 0 0 0 0
 120.0 65.0 2.0 0.0 1 0 0 0 0 0 1 0 0 0
 120.0 85.0 2.0 0.0 0 0 0 0 0 0 0 1 0 0
 120.0 85.0 2.0 180.0 0 0 0 0 0 0 0 1 0 0
 120.014 81.5565 2.0 180.0 0 0 0 0 0 0 0 1 0 0
 120.017 117.667 2.0 288.0 0 1 1 0 0 0 0 0 0 0
 120.052 103.371 2.0 279.0 1 0 0 0 0 0 0 0 0 0
 120.15 63.2388 2.0 0.0 1 0 1 1 0 0 0 0 0 0
 120.15 63.2388 2.0 108.0 1 0 1 1 0 0 0 0 0 0
 120.15 63.2388 2.0 18.0 1 0 1 1 0 0 0 0 0 0
 120.15 63.2388 2.0 27.0 1 0 1 1 0 0 0 0 0 0
 120.15 63.2388 2.0 36.0 1 0 1 1 0 0 0 0 0 0
 120.15 63.2388 2.0 45.0 1 0 1 1 0 0 0 0 0 0
 120.15 63.2388 2.0 54.0 1 0 1 1 0 0 0 0 0 0
 120.15 63.2388 2.0 63.0 1 0 1 1 0 0 0 0 0 0
 120.15 63.2388 2.0 72.0 1 0 1 1 0 0 0 0 0 0
 120.15 63.2388 2.0 81.0 1 0 1 1 0 0 0 0 0 0
 120.15 63.2388 2.0 9.0 1 0 1 1 0 0 0 0 0 0
 120.15 63.2388 2.0 90.0 1 0 1 1 0 0 0 0 0 0
 120.15 63.2388 2.0 99.0 1 0 1 1 0 0 0 0 0 0
 120.15 78.6992 2.0 189.0 0 0 1 0 0 0 0 0 0 0
 120.259 63.3799 2.0 99.0 0 1 0 0 0 1 0 0 0 0
 120.382 78.5864 2.0 99.0 0 0 0 0 0 1 0 0 0 0
 120.443 100.902 2.0 279.0 1 0 0 0 0 0 0 0 0 0
 120.443 100.902 2.0 288.0 1 0 0 0 0 0 0 0 0 0
 120.443 100.902 2.0 297.0 1 0 0 0 0 0 0 0 0 0
 120.443 100.902 2.0 306.0 1 0 0 0 0 0 0 0 0 0
 120.443 100.902 2.0 315.0 1 0 0 0 0 0 0 0 0 0
 120.443 100.902 2.0 324.0 1 0 0 0 0 0 0 0 0 0
 120.443 100.902 2.0 333.0 1 0 0 0 0 0 0 0 0 0
 120.443 100.902 2.0 342.0 1 0 0 0 0 0 0 0 0 0
 120.443 100.902 2.0 351.0 1 0 0 0 0 0 0 0 0 0
 120.443 100.902 2.0 360.0 1 0 0 0 0 0 0 0 0 0
 120.569 53.2049 2.0 108.0 1 0 0 0 0 0 0 0 1 0
 120.57 45.4663 2.0 72.0 1 0 1 1 0 0 0 1 0 0
 120.65 60.9107 2.0 99.0 0 1 0 0 0 1 0 0 0 0
 120.75 124.206 2.0 99.0 0 0 0 0 0 0 0 0 0 0
 120.789 115.29 2.0 288.0 0 1 1 0 0 0 0 0 0 0
 120.802 45.0502 2.0 18.0 0 0 1 0 0 0 0 0 0 0
 120.86 123.6 2.0 0.0 0 1 0 0 0 0 0 0 0 0
 120.919 43.2351 2.0 99.0 0 0 0 1 0 0 0 0 0 0
 120.922 60.8611 2.0 108.0 1 0 1 1 0 0 0 0 0 0
 121.042 58.4415 2.0 99.0 0 1 0 0 0 1 0 0 0 0
 121.141 121.736 2.0 99.0 0 0 0 0 0 0 0 0 0 0
 121.341 50.8273 2.0 108.0 1 0 0 0 0 0 0 0 1 0
 121.342 47.8439 2.0 72.0 1 0 1 1 0 0 0 1 0 0
 121.433 55.9723 2.0 99.0 0 1 0 0 0 1 0 0 0 0
 121.532 119.267 2.0 99.0 0 0 0 0 0 0 0 0 0 0
 121.562 112.912 2.0 288.0 0 1 1 0 0 0 0 0 0 0
 121.695 58.4835 2.0 108.0 1 0 1 1 0 0 0 0 0 0
 121.824 53.5031 2.0 99.0 0 1 0 0 0 1 0 0 0 0
 121.96 77.8942 2.0 180.0 0 0 0 0 0 0 0 1 0 0
 122.114 48.4496 2.0 27.0 1 0 0 0 0 0 0 0 1 0
 122.114 48.4496 2.0 36.0 1 0 0 0 0 0 0 0 1 0
 122.114 48.4496 2.0 45.0 1 0 0 0 0 0 0 0 1 0
 122.114 48.4496 2.0 54.0 1 0 0 0 0 0 0 0 1 0
 122.114 48.4496 2.0 63.0 1 0 0 0 0 0 0 0 1 0
 122.114 48.4496 2.0 72.0 1 0 0 0 0 0 0 0 1 0
 122.114 48.4496 2.0 81.0 1 0 0 0 0 0 0 0 1 0
 122.114 48.4496 2.0 90.0 1 0 0 0 0 0 0 0 1 0
 122.114 48.4496 2.0 99.0 1 0 0 0 0 0 0 0 1 0
 122.174 56.3551 2.0 18.0 1 0 0 0 0 0 0 0 1 0
 122.215 51.0338 2.0 99.0 0 1 0 0 0 1 0 0 0 0
 122.263 116.811 2.0 9.0 0 1 1 0 0 0 1 0 1 0
 122.334 110.534 2.0 288.0 0 1 1 0 0 0 0 0 0 0
 122.467 56.1058 2.0 108.0 1 0 1 1 0 0 0 0 0 0
 122.477 50.0715 2.0 63.0 1 0 1 1 0 0 0 1 0 0
 122.5 122.5 2.0 0.0 0 1 0 0 0 0 0 0 0 0
 122.5 65.0 2.0 0.0 1 0 0 0 0 0 0 0 0 0
 122.5 65.0 2.0 0.0 1 0 0 0 0 0 1 0 0 0
 122.5 85.0 2.0 0.0 0 0 0 0 0 0 0 1 0 0
 122.5 85.0 2.0 180.0 0 0 0 0 0 0 0 1 0 0
 122.514 81.5565 2.0 180.0 0 0 0 0 0 0 0 1 0 0
 122.606 48.5646 2.0 99.0 0 1 0 0 0 1 0 0 0 0
 122.619 62.8477 2.0 351.0 1 0 1 1 0 0 0 0 0 0
 122.619 79.0903 2.0 189.0 0 0 1 0 0 0 0 0 0 0
 122.654 114.341 2.0 9.0 0 1 1 0 0 0 1 0 1 0
 122.729 63.771 2.0 99.0 0 0 0 1 0 0 0 0 0 0
 122.851 78.9775 2.0 99.0 0 0 0 0 0 1 0 0 0 0
 122.913 101.293 2.0 9.0 1 0 0 0 0 0 0 0 0 0
 122.997 46.0954 2.0 99.0 0 0 0 1 0 0 0 0 0 0
 123.045 111.872 2.0 9.0 0 1 1 0 0 0 1 0 1 0
 123.107 108.157 2.0 288.0 0 1 1 0 0 0 0 0 0 0
 123.18 45.8227 2.0 18.0 0 0 1 0 0 0 0 0 0 0
 123.24 53.7282 2.0 108.0 1 0 1 1 0 0 0 0 0 0
 123.36 123.6 2.0 0.0 0 1 0 0 0 0 0 0 0 0
 123.388 43.6262 2.0 99.0 0 0 0 1 0 0 0 0 0 0
 123.436 109.403 2.0 9.0 0 1 1 0 0 0 1 0 1 0
 123.612 52.299 2.0 63.0 1 0 1 1 0 0 0 1 0 0
 123.827 106.934 2.0 9.0 0 1 1 0 0 0 1 0 1 0
 123.879 105.779 2.0 288.0 0 1 1 0 0 0 0 0 0 0
 124.002 119.658 2.0 99.0 0 1 0 0 0 1 0 0 0 0
 124.012 51.3506 2.0 108.0 0 1 0 0 0 0 0 0 0 0
 124.218 104.465 2.0 9.0 0 1 1 0 0 0 1 0 1 0
 124.393 117.189 2.0 99.0 0 1 0 0 0 1 0 0 0 0
 124.46 77.8942 2.0 180.0 0 0 0 0 0 0 0 1 0 0
 124.551 57.1276 2.0 18.0 1 0 0 0 0 0 0 0 1 0
 124.609 101.995 2.0 9.0 0 1 1 0 0 0 1 0 1 0
 124.652 103.401 2.0 288.0 0 1 1 0 0 0 0 0 0 0
 124.747 54.5265 2.0 63.0 1 0 1 1 0 0 0 1 0 0
 124.784 114.72 2.0 99.0 0 1 0 0 0 1 0 0 0 0
 124.785 48.9729 2.0 108.0 0 1 0 0 0 0 0 0 0 0
 125.0 100.0 2.0 0.0 0 0 0 0 0 0 1 1 0 0
 125.0 102.5 2.0 0.0 0 0 0 0 0 0 1 1 0 0
 125.0 105.0 2.0 0.0 0 0 0 0 0 0 1 1 0 0
 125.0 107.5 2.0 0.0 0 0 0 0 0 0 1 1 0 0
 125.0 110.0 2.0 0.0 0 0 0 0 0 0 1 1 0 0
 125.0 112.5 2.0 0.0 0 0 0 0 0 0 1 1 0 0
 125.0 115.0 2.0 0.0 0 0 0 0 0 0 1 1 0 0
 125.0 117.5 2.0 0.0 0 1 0 0 0 0 0 0 0 0
 125.0 120.0 2.0 0.0 0 1 0 0 0 0 0 0 0 0
 125.0 122.5 2.0 0.0 0 1 0 0 0 0 0 0 0 0
 125.0 65.0 2.0 0.0 1 0 0 0 0 0 0 0 0 0
 125.0 65.0 2.0 0.0 1 0 0 0 0 0 1 0 0 0
 125.0 85.0 2.0 0.0 0 0 0 0 0 0 0 1 0 0
 125.0 85.0 2.0 180.0 0 0 0 0 0 0 0 1 0 0
 125.0 92.5 2.0 0.0 0 0 0 0 0 0 1 1 0 0
 125.0 95.0 2.0 0.0 0 0 0 0 0 0 1 1 0 0
 125.0 97.5 2.0 0.0 0 0 0 0 0 0 1 1 0 0
 125.0 99.5261 2.0 9.0 0 1 1 0 0 0 1 0 1 0
 125.014 81.5565 2.0 180.0 0 0 0 0 0 0 0 1 0 0
 125.088 62.4566 2.0 351.0 1 0 1 1 0 0 0 0 0 0
 125.088 79.4814 2.0 189.0 0 0 1 0 0 0 0 0 0 0
 125.175 112.251 2.0 99.0 0 1 0 0 0 1 0 0 0 0
 125.198 64.1621 2.0 99.0 0 0 0 1 0 0 0 0 0 0
 125.321 79.3685 2.0 99.0 0 0 0 0 0 1 0 0 0 0
 125.382 101.684 2.0 9.0 1 0 0 0 0 0 0 0 0 0
 125.391 97.0569 2.0 9.0 0 1 1 0 0 0 1 0 1 0
 125.424 101.024 2.0 288.0 0 1 1 0 0 0 0 0 0 0
 125.557 46.5953 2.0 18.0 0 0 1 0 0 0 0 0 0 0
 125.557 46.5953 2.0 18.0 0 1 0 0 0 0 0 0 0 0
 125.557 46.5953 2.0 27.0 0 1 0 0 0 0 0 0 0 0
 125.557 46.5953 2.0 36.0 0 1 0 0 0 0 0 0 0 0
 125.557 46.5953 2.0 45.0 0 1 0 0 0 0 0 0 0 0
 125.557 46.5953 2.0 54.0 0 1 0 0 0 0 0 0 0 0
 125.557 46.5953 2.0 63.0 0 1 0 0 0 0 0 0 0 0
 125.557 46.5953 2.0 72.0 0 1 0 0 0 0 0 0 0 0
 125.557 46.5953 2.0 81.0 0 1 0 0 0 0 0 0 0 0
 125.557 46.5953 2.0 90.0 0 1 0 0 0 0 0 0 0 0
 125.557 46.5953 2.0 99.0 0 1 0 0 0 0 0 0 0 0
 125.566 109.781 2.0 99.0 0 1 0 0 0 1 0 0 0 0
 125.86 123.6 2.0 0.0 0 1 0 0 0 0 0 0 0 0
 125.86 123.6 2.0 288.0 0 1 0 0 0 0 0 0 0 0
 125.86 123.6 2.0 297.0 0 1 0 0 0 0 0 0 0 0
 125.86 123.6 2.0 306.0 0 1 0 0 0 0 0 0 0 0
 125.86 123.6 2.0 315.0 0 1 0 0 0 0 0 0 0 0
 125.86 123.6 2.0 324.0 0 1 0 0 0 0 0 0 0 0
 125.86 123.6 2.0 333.0 0 1 0 0 0 0 0 0 0 0
 125.86 123.6 2.0 342.0 0 1 0 0 0 0 0 0 0 0
 125.86 123.6 2.0 351.0 0 1 0 0 0 0 0 0 0 0
 125.882 56.754 2.0 63.0 1 0 1 1 0 0 0 1 0 0
 125.957 107.312 2.0 99.0 0 1 0 0 0 1 0 0 0 0
 126.197 98.6461 2.0 288.0 0 1 0 0 1 0 0 0 0 1
 126.251 121.131 2.0 279.0 0 1 0 0 0 0 0 0 0 0
 126.348 104.843 2.0 99.0 0 1 0 0 0 1 0 0 0 0
 126.642 118.662 2.0 279.0 0 1 0 0 0 0 0 0 0 0
 126.739 102.374 2.0 99.0 0 1 0 0 0 1 0 0 0 0
 126.929 57.9002 2.0 18.0 1 0 0 0 0 0 0 0 1 0
 126.96 77.8942 2.0 180.0 0 0 0 0 0 0 0 1 0 0
 126.97 96.2685 2.0 288.0 0 1 0 0 1 0 0 0 0 1
 126.97 96.2685 2.0 297.0 0 1 0 0 1 0 0 0 0 1
 126.97 96.2685 2.0 306.0 0 1 0 0 1 0 0 0 0 1
 126.97 96.2685 2.0 315.0 0 1 0 0 1 0 0 0 0 1
 126.97 96.2685 2.0 324.0 0 1 0 0 1 0 0 0 0 1
 126.97 96.2685 2.0 333.0 0 1 0 0 1 0 0 0 0 1
 126.97 96.2685 2.0 342.0 0 1 0 0 1 0 0 0 0 1
 126.97 96.2685 2.0 351.0 0 1 0 0 1 0 0 0 0 1
 127.017 58.9815 2.0 63.0 1 0 1 1 0 0 0 1 0 0
 127.033 116.192 2.0 279.0 0 0 0 0 0 0 0 1 0 0
 127.13 99.9045 2.0 99.0 0 1 0 0 0 1 0 0 0 0
 127.424 101.223 2.0 270.0 1 0 0 0 0 0 0 0 0 0
 127.424 101.223 2.0 279.0 1 0 0 0 0 0 0 0 0 0
 127.424 101.223 2.0 288.0 1 0 0 0 0 0 0 0 0 0
 127.424 101.223 2.0 297.0 1 0 0 0 0 0 0 0 0 0
 127.424 101.223 2.0 306.0 1 0 0 0 0 0 0 0 0 0
 127.424 101.223 2.0 315.0 1 0 0 0 0 0 0 0 0 0
 127.424 101.223 2.0 324.0 1 0 0 0 0 0 0 0 0 0
 127.424 101.223 2.0 333.0 1 0 0 0 0 0 0 0 0 0
 127.424 101.223 2.0 342.0 0 1 0 1 0 0 0 0 0 0
 127.424 101.223 2.0 351.0 0 1 0 1 0 0 0 0 0 0
 127.424 103.723 2.0 270.0 1 0 0 0 0 0 0 0 0 0
 127.424 106.223 2.0 270.0 1 0 0 0 0 0 0 0 0 0
 127.424 108.723 2.0 270.0 0 1 0 0 0 0 0 0 0 0
 127.424 111.223 2.0 270.0 0 1 0 0 0 0 0 0 0 0
 127.424 113.723 2.0 279.0 0 0 0 0 0 0 0 1 0 0
 127.424 113.723 2.0 288.0 0 0 0 0 0 0 0 1 0 0
 127.5 65.0 2.0 0.0 0 0 0 0 0 0 0 1 0 0
 127.5 65.0 2.0 0.0 1 0 0 0 0 0 1 0 0 0
 127.5 85.0 2.0 0.0 0 0 0 0 0 0 0 1 0 0
 127.5 85.0 2.0 180.0 0 0 0 0 0 0 0 1 0 0
 127.5 92.5 2.0 0.0 0 0 0 0 0 0 1 1 0 0
 127.514 81.5565 2.0 180.0 0 0 0 0 0 0 0 1 0 0
 127.557 62.0655 2.0 351.0 1 0 1 1 0 0 0 0 0 0
 127.557 79.8725 2.0 189.0 0 0 1 0 0 0 0 0 0 0
 127.667 64.5532 2.0 99.0 0 0 0 1 0 0 0 0 0 0
 127.79 79.7596 2.0 99.0 1 0 0 0 0 1 0 0 0 0
 127.851 102.075 2.0 9.0 1 0 0 0 0 0 0 0 0 0
 127.861 97.448 2.0 9.0 0 1 1 0 0 0 1 0 1 0
 127.935 47.3678 2.0 18.0 0 0 1 0 0 0 0 0 0 0
 129.245 57.8466 2.0 63.0 1 0 1 1 0 0 0 1 0 0
 129.307 58.6727 2.0 18.0 1 0 0 0 0 0 0 0 1 0
 129.46 77.8942 2.0 180.0 0 0 0 0 0 0 0 1 0 0
 129.47 96.2685 2.0 360.0 0 1 0 0 1 0 0 0 0 1
 129.599 100.296 2.0 99.0 0 1 0 0 0 1 0 0 0 0
 129.924 101.223 2.0 360.0 0 1 0 1 0 0 0 0 0 0
 130.0 65.0 2.0 0.0 0 0 0 0 0 0 0 1 0 0
 130.0 65.0 2.0 0.0 1 0 0 0 0 0 1 0 0 0
 130.0 85.0 2.0 0.0 0 0 0 0 0 0 0 1 0 0
 130.0 85.0 2.0 180.0 0 0 0 0 0 0 0 1 0 0
 130.0 92.5 2.0 0.0 0 0 0 0 0 0 1 1 0 0
 130.014 81.5565 2.0 180.0 0 0 0 0 0 0 0 1 0 0
 130.027 61.6744 2.0 351.0 1 0 1 1 0 0 0 0 0 0
 130.027 80.2636 2.0 189.0 0 0 1 0 0 0 0 0 0 0
 130.136 64.9443 2.0 99.0 0 0 0 1 0 0 0 0 0 0
 130.259 80.1507 2.0 99.0 1 0 0 0 0 1 0 0 0 0
 130.32 102.466 2.0 9.0 1 0 0 0 0 0 0 0 0 0
 130.33 97.839 2.0 9.0 1 1 0 0 1 0 0 0 0 0
 130.38 60.0741 2.0 63.0 1 0 1 1 0 0 0 1 0 0
 131.515 62.3016 2.0 63.0 1 0 1 1 0 0 0 1 0 0
 131.684 59.4452 2.0 18.0 1 0 0 0 0 0 0 0 1 0
 131.96 77.8942 2.0 180.0 0 0 0 0 0 0 0 1 0 0
 131.97 96.2685 2.0 360.0 0 1 0 0 1 0 0 0 0 1
 132.069 100.687 2.0 99.0 0 1 0 0 0 1 0 0 0 0
 132.424 101.223 2.0 360.0 0 1 0 1 0 0 0 0 0 0
 132.496 61.2833 2.0 351.0 1 0 1 1 0 0 0 0 0 0
 132.496 80.6546 2.0 189.0 0 0 1 0 0 0 0 0 0 0
 132.5 65.0 2.0 0.0 0 0 0 0 0 0 0 1 0 0
 132.5 65.0 2.0 0.0 1 0 0 0 0 0 1 0 0 0
 132.5 85.0 2.0 0.0 0 0 0 0 0 0 0 1 0 0
 132.5 85.0 2.0 180.0 0 0 0 0 0 0 0 1 0 0
 132.5 92.5 2.0 0.0 1 0 0 0 0 0 0 1 0 0
 132.514 81.5565 2.0 180.0 0 0 0 0 0 0 0 1 0 0
 132.605 65.3354 2.0 99.0 0 0 0 1 0 0 0 0 0 0
 132.65 64.5291 2.0 63.0 1 0 1 1 0 0 0 1 0 0
 132.728 80.5418 2.0 99.0 1 0 0 0 0 1 0 0 0 0
 132.79 102.857 2.0 9.0 1 0 0 0 0 0 0 0 0 0
 132.799 98.2301 2.0 9.0 1 1 0 0 1 0 0 0 0 0
 133.119 78.0726 2.0 99.0 1 0 0 0 0 1 0 0 0 0
 133.51 75.6033 2.0 99.0 1 0 0 0 0 1 0 0 0 0
 133.785 66.7566 2.0 63.0 1 0 1 1 0 0 0 1 0 0
 133.901 73.1341 2.0 99.0 1 0 0 0 0 1 0 0 0 0
 134.062 60.2178 2.0 18.0 1 0 0 0 0 0 0 0 1 0
 134.293 70.6649 2.0 99.0 1 0 0 0 0 1 0 0 0 0
 134.46 77.8942 2.0 180.0 0 0 0 0 0 0 0 1 0 0
 134.47 96.2685 2.0 360.0 0 1 0 0 1 0 0 0 0 1
 134.538 101.078 2.0 99.0 0 1 0 0 0 1 0 0 0 0
 134.684 68.1957 2.0 99.0 0 0 0 1 0 0 0 0 0 0
 134.92 68.9841 2.0 63.0 1 0 1 1 0 0 0 1 0 0
 134.924 101.223 2.0 360.0 0 1 0 1 0 0 0 0 0 0
 134.965 60.8922 2.0 351.0 1 0 1 1 0 0 0 0 0 0
 134.965 81.0457 2.0 189.0 0 0 1 0 0 0 0 0 0 0
 135.0 65.0 2.0 0.0 0 0 0 0 0 0 0 1 0 0
 135.0 85.0 2.0 0.0 0 0 0 0 0 0 0 1 0 0
 135.0 85.0 2.0 180.0 0 0 0 0 0 0 0 1 0 0
 135.0 92.5 2.0 0.0 1 0 0 0 0 0 0 1 0 0
 135.014 81.5565 2.0 108.0 0 0 0 0 0 0 0 1 0 0
 135.014 81.5565 2.0 117.0 0 0 0 0 0 0 0 1 0 0
 135.014 81.5565 2.0 126.0 0 0 0 0 0 0 0 1 0 0
 135.014 81.5565 2.0 135.0 0 0 0 0 0 0 0 1 0 0
 135.014 81.5565 2.0 144.0 0 0 0 0 0 0 0 1 0 0
 135.014 81.5565 2.0 153.0 0 0 0 0 0 0 0 1 0 0
 135.014 81.5565 2.0 162.0 0 0 0 0 0 0 0 1 0 0
 135.014 81.5565 2.0 171.0 0 0 0 0 0 0 0 1 0 0
 135.014 81.5565 2.0 180.0 0 0 0 0 0 0 0 1 0 0
 135.014 81.5565 2.0 189.0 0 0 0 0 0 0 0 1 0 0
 135.014 81.5565 2.0 198.0 0 0 0 0 0 0 0 1 0 0
 135.075 65.7264 2.0 99.0 0 0 0 1 0 0 0 0 0 0
 135.259 103.249 2.0 9.0 1 0 0 0 0 0 0 0 0 0
 135.268 98.6212 2.0 9.0 1 1 0 0 1 0 0 0 0 0
 135.787 79.1789 2.0 108.0 0 0 0 0 0 0 0 1 0 0
 136.055 71.2117 2.0 63.0 1 0 1 1 0 0 0 1 0 0
 136.439 60.9903 2.0 18.0 1 0 0 0 0 0 0 0 1 0
 136.56 76.8013 2.0 108.0 0 0 0 0 0 0 0 1 0 0
 136.96 77.8942 2.0 180.0 0 0 0 0 0 0 0 1 0 0
 136.97 96.2685 2.0 360.0 0 1 0 0 1 0 0 0 0 1
 137.007 101.469 2.0 99.0 0 0 0 1 0 0 0 0 0 0
 137.19 73.4392 2.0 63.0 1 0 1 1 0 0 0 1 0 0
 137.332 74.4236 2.0 108.0 0 0 0 0 0 0 0 1 0 0
 137.424 101.223 2.0 360.0 0 1 0 1 0 0 0 0 0 0
 137.434 60.5012 2.0 351.0 1 0 1 1 0 0 0 0 0 0
 137.434 81.4368 2.0 189.0 0 0 0 0 0 0 0 0 0 0
 137.5 65.0 2.0 0.0 0 0 0 0 0 0 0 1 0 0
 137.5 67.5 2.0 0.0 0 0 0 0 0 0 0 1 0 0
 137.5 70.0 2.0 0.0 0 0 0 0 0 0 0 1 0 0
 137.5 72.5 2.0 0.0 0 0 0 0 0 0 0 1 0 0
 137.5 75.0 2.0 0.0 0 0 0 0 0 0 0 1 0 0
 137.5 77.5 2.0 0.0 0 0 0 0 0 0 0 1 0 0
 137.5 80.0 2.0 0.0 0 0 0 0 0 0 0 1 0 0
 137.5 82.5 2.0 0.0 0 0 0 0 0 0 0 1 0 0
 137.5 85.0 2.0 0.0 0 0 0 0 0 0 0 1 0 0
 137.5 85.0 2.0 180.0 0 0 0 0 0 0 0 1 0 0
 137.5 92.5 2.0 0.0 1 0 0 0 0 0 0 1 0 0
 137.728 103.64 2.0 9.0 1 0 0 0 0 0 0 0 0 0
 137.738 99.0123 2.0 9.0 1 1 0 0 1 0 0 0 0 0
 138.105 72.046 2.0 108.0 0 0 0 0 0 0 0 1 0 0
 138.325 75.6667 2.0 63.0 1 0 1 1 0 0 0 1 0 0
 138.817 61.7629 2.0 18.0 1 0 0 0 0 0 0 0 1 0
 138.877 69.6683 2.0 108.0 1 0 0 0 0 0 0 0 1 0
 139.46 77.8942 2.0 108.0 1 0 1 1 0 0 0 1 0 0
 139.46 77.8942 2.0 117.0 0 0 0 0 0 0 0 1 0 0
 139.46 77.8942 2.0 126.0 0 0 0 0 0 0 0 1 0 0
 139.46 77.8942 2.0 135.0 0 0 0 0 0 0 0 1 0 0
 139.46 77.8942 2.0 144.0 0 0 0 0 0 0 0 1 0 0
 139.46 77.8942 2.0 153.0 0 0 0 0 0 0 0 1 0 0
 139.46 77.8942 2.0 162.0 0 0 0 0 0 0 0 1 0 0
 139.46 77.8942 2.0 171.0 0 0 0 0 0 0 0 1 0 0
 139.46 77.8942 2.0 63.0 1 0 1 1 0 0 0 1 0 0
 139.46 77.8942 2.0 72.0 1 0 1 1 0 0 0 1 0 0
 139.46 77.8942 2.0 81.0 1 0 1 1 0 0 0 1 0 0
 139.46 77.8942 2.0 90.0 1 0 1 1 0 0 0 1 0 0
 139.46 77.8942 2.0 99.0 1 0 1 1 0 0 0 1 0 0
 139.47 96.2685 2.0 360.0 0 1 0 0 1 0 0 0 0 1
 139.476 101.86 2.0 99.0 0 0 0 1 0 0 0 0 0 0
 139.65 67.2907 2.0 108.0 1 0 0 0 0 0 0 0 1 0
 139.903 60.1101 2.0 351.0 1 0 1 1 0 0 0 0 0 0
 139.903 81.8279 2.0 189.0 0 0 0 0 0 0 0 0 0 0
 139.924 101.223 2.0 360.0 0 1 0 1 0 0 0 0 0 0
 140.0 65.0 2.0 0.0 0 0 0 0 0 0 0 1 0 0
 140.0 85.0 2.0 0.0 0 0 0 0 0 0 0 1 0 0
 140.0 85.0 2.0 108.0 0 0 0 0 0 0 0 1 0 0
 140.0 85.0 2.0 117.0 0 0 0 0 0 0 0 1 0 0
 140.0 85.0 2.0 126.0 0 0 0 0 0 0 0 1 0 0
 140.0 85.0 2.0 135.0 0 0 0 0 0 0 0 1 0 0
 140.0 85.0 2.0 144.0 0 0 0 0 0 0 0 1 0 0
 140.0 85.0 2.0 153.0 0 0 0 0 0 0 0 1 0 0
 140.0 85.0 2.0 162.0 0 0 0 0 0 0 0 1 0 0
 140.0 85.0 2.0 171.0 0 0 0 0 0 0 0 1 0 0
 140.0 85.0 2.0 18.0 0 0 0 0 0 0 0 1 0 0
 140.0 85.0 2.0 27.0 0 0 0 0 0 0 0 1 0 0
 140.0 85.0 2.0 36.0 0 0 0 0 0 0 0 1 0 0
 140.0 85.0 2.0 45.0 0 0 0 0 0 0 0 1 0 0
 140.0 85.0 2.0 54.0 0 0 0 0 0 0 0 1 0 0
 140.0 85.0 2.0 63.0 0 0 0 0 0 0 0 1 0 0
 140.0 85.0 2.0 72.0 0 0 0 0 0 0 0 1 0 0
 140.0 85.0 2.0 81.0 0 0 0 0 0 0 0 1 0 0
 140.0 85.0 2.0 9.0 0 0 0 0 0 0 0 1 0 0
 140.0 85.0 2.0 90.0 0 0 0 0 0 0 0 1 0 0
 140.0 85.0 2.0 99.0 0 0 0 0 0 0 0 1 0 0
 140.0 92.5 2.0 0.0 1 0 0 0 0 0 0 1 0 0
 140.197 104.031 2.0 9.0 1 0 0 0 0 0 0 0 0 0
 140.207 99.4034 2.0 9.0 1 1 0 0 1 0 0 0 0 0
 140.422 64.9131 2.0 108.0 1 0 0 0 0 0 0 0 1 0
 141.195 62.5354 2.0 18.0 1 0 0 0 0 0 0 0 1 0
 141.195 62.5354 2.0 27.0 1 0 0 0 0 0 0 0 1 0
 141.195 62.5354 2.0 36.0 1 0 0 0 0 0 0 0 1 0
 141.195 62.5354 2.0 45.0 1 0 0 0 0 0 0 0 1 0
 141.195 62.5354 2.0 54.0 1 0 0 0 0 0 0 0 1 0
 141.195 62.5354 2.0 63.0 1 0 0 0 0 0 0 0 1 0
 141.195 62.5354 2.0 72.0 1 0 0 0 0 0 0 0 1 0
 141.195 62.5354 2.0 81.0 1 0 0 0 0 0 0 0 1 0
 141.195 62.5354 2.0 90.0 1 0 0 0 0 0 0 0 1 0
 141.195 62.5354 2.0 99.0 1 0 0 0 0 0 0 0 1 0
 141.946 102.251 2.0 99.0 0 0 0 1 0 0 0 0 0 0
 141.97 96.2685 2.0 360.0 0 1 0 0 1 0 0 0 0 1
 142.373 59.719 2.0 18.0 1 0 1 1 0 0 0 0 0 0
 142.373 59.719 2.0 27.0 1 0 1 1 0 0 0 0 0 0
 142.373 59.719 2.0 351.0 1 0 1 1 0 0 0 0 0 0
 142.373 59.719 2.0 36.0 1 0 1 1 0 0 0 0 0 0
 142.373 59.719 2.0 360.0 1 0 1 1 0 0 0 0 0 0
 142.373 59.719 2.0 45.0 1 0 1 1 0 0 0 0 0 0
 142.373 59.719 2.0 54.0 1 0 1 1 0 0 0 0 0 0
 142.373 59.719 2.0 63.0 0 1 0 0 0 0 0 0 0 0
 142.373 59.719 2.0 72.0 0 1 0 0 0 0 0 0 0 0
 142.373 59.719 2.0 81.0 0 1 0 0 0 0 0 0 0 0
 142.373 59.719 2.0 9.0 1 0 1 1 0 0 0 0 0 0
 142.373 62.219 2.0 90.0 0 1 0 0 0 0 0 0 0 0
 142.373 64.719 2.0 90.0 0 1 0 0 0 0 0 0 0 0
 142.373 67.219 2.0 90.0 0 1 0 0 0 0 0 0 0 0
 142.373 69.719 2.0 90.0 0 1 0 0 0 0 0 0 0 0
 142.373 72.219 2.0 90.0 0 1 0 0 0 0 0 0 0 0
 142.373 74.719 2.0 90.0 0 1 0 0 0 0 0 0 0 0
 142.373 77.219 2.0 90.0 0 1 0 0 0 0 0 0 0 0
 142.373 79.719 2.0 90.0 0 1 0 0 0 0 0 0 0 0
 142.373 82.219 2.0 108.0 0 0 0 0 0 0 0 0 0 0
 142.373 82.219 2.0 117.0 0 0 0 0 0 0 0 0 0 0
 142.373 82.219 2.0 126.0 0 0 0 0 0 0 0 0 0 0
 142.373 82.219 2.0 135.0 0 0 0 0 0 0 0 0 0 0
 142.373 82.219 2.0 144.0 0 0 0 0 0 0 0 0 0 0
 142.373 82.219 2.0 153.0 0 0 0 0 0 0 0 0 0 0
 142.373 82.219 2.0 162.0 0 0 0 0 0 0 0 0 0 0
 142.373 82.219 2.0 171.0 0 0 0 0 0 0 0 0 0 0
 142.373 82.219 2.0 180.0 0 0 0 0 0 0 0 0 0 0
 142.373 82.219 2.0 90.0 0 1 0 0 0 0 0 0 0 0
 142.373 82.219 2.0 99.0 0 1 0 0 0 0 0 0 0 0
 142.424 101.223 2.0 360.0 0 1 0 1 0 0 0 0 0 0
 142.5 67.5 2.0 0.0 0 0 0 0 0 0 0 1 0 0
 142.5 70.0 2.0 0.0 0 0 0 0 0 0 0 1 0 0
 142.5 72.5 2.0 0.0 0 0 0 0 0 0 0 1 0 0
 142.5 75.0 2.0 0.0 0 0 0 0 0 0 0 1 0 0
 142.5 77.5 2.0 0.0 0 0 0 0 0 0 0 1 0 0
 142.5 80.0 2.0 0.0 0 0 0 0 0 0 0 1 0 0
 142.5 82.5 2.0 0.0 0 0 0 0 0 0 0 1 0 0
 142.5 85.0 2.0 0.0 0 0 0 0 0 0 0 1 0 0
 142.5 92.5 2.0 0.0 1 0 0 0 0 0 0 1 0 0
 142.666 104.422 2.0 9.0 1 0 0 0 0 0 0 0 0 0
 142.676 99.7944 2.0 9.0 1 1 0 0 1 0 0 0 0 0
 144.415 102.642 2.0 99.0 0 0 0 1 0 0 0 0 0 0
 144.47 96.2685 2.0 360.0 0 1 0 0 1 0 0 0 0 1
 144.924 101.223 2.0 360.0 0 1 0 1 0 0 0 0 0 0
 145.0 92.5 2.0 0.0 1 0 0 0 0 0 0 1 0 0
 145.136 104.813 2.0 9.0 1 0 0 0 0 0 0 0 0 0
 145.145 100.186 2.0 9.0 1 1 0 0 1 0 0 0 0 0
 146.884 103.033 2.0 99.0 0 0 0 1 0 0 0 0 0 0
 146.97 96.2685 2.0 360.0 0 1 0 0 1 0 0 0 0 1
 147.424 101.223 2.0 360.0 0 1 0 1 0 0 0 0 0 0
 147.5 92.5 2.0 0.0 1 0 0 0 0 0 0 1 0 0
 147.605 105.204 2.0 9.0 1 0 0 0 0 0 0 0 0 0
 147.614 100.577 2.0 9.0 1 1 0 0 1 0 0 0 0 0
 149.353 103.424 2.0 99.0 0 0 0 1 0 0 0 0 0 0
 149.47 96.2685 2.0 360.0 0 1 0 0 1 0 0 0 0 1
 149.924 101.223 2.0 360.0 0 1 0 1 0 0 0 0 0 0
 150.0 92.5 2.0 0.0 1 0 0 0 0 0 0 1 0 0
 150.074 105.595 2.0 9.0 1 0 0 0 0 0 0 0 0 0
 150.084 100.968 2.0 9.0 1 1 0 0 1 0 0 0 0 0
 151.822 103.815 2.0 99.0 0 0 0 1 0 0 0 0 0 0
 151.97 96.2685 2.0 360.0 0 1 0 0 1 0 0 0 0 1
 152.424 101.223 2.0 360.0 0 1 0 1 0 0 0 0 0 0
 152.5 92.5 2.0 0.0 1 0 0 0 0 0 0 1 0 0
 152.543 105.986 2.0 9.0 1 0 0 0 0 0 0 0 0 0
 152.553 101.359 2.0 18.0 1 1 0 0 1 0 0 0 0 0
 152.553 101.359 2.0 27.0 1 1 0 0 1 0 0 0 0 0
 152.553 101.359 2.0 36.0 1 1 0 0 1 0 0 0 0 0
 152.553 101.359 2.0 45.0 1 1 0 0 1 0 0 0 0 0
 152.553 101.359 2.0 54.0 1 1 0 0 1 0 0 0 0 0
 152.553 101.359 2.0 63.0 1 1 0 0 1 0 0 0 0 0
 152.553 101.359 2.0 9.0 1 1 0 0 1 0 0 0 0 0
 153.325 103.736 2.0 72.0 1 1 0 0 1 0 0 0 0 0
 153.335 150.982 2.0 99.0 0 1 0 0 1 0 0 0 0 1
 153.726 148.513 2.0 99.0 0 1 0 0 1 0 0 0 0 1
 153.901 106.676 2.0 99.0 0 0 0 1 0 0 0 0 0 0
 154.098 106.114 2.0 72.0 1 1 0 0 1 0 0 0 0 0
 154.117 146.044 2.0 99.0 0 1 0 0 1 0 0 0 0 1
 154.292 104.206 2.0 99.0 0 0 0 1 0 0 0 0 0 0
 154.47 96.2685 2.0 360.0 0 1 0 0 1 0 0 0 0 1
 154.508 143.575 2.0 99.0 0 1 0 0 1 0 0 0 0 1
 154.66 149.826 2.0 99.0 0 0 0 1 0 0 0 0 0 0
 154.87 108.492 2.0 72.0 1 1 0 0 1 0 0 0 0 0
 154.899 141.106 2.0 99.0 0 1 0 0 1 0 0 0 0 1
 154.924 101.223 2.0 360.0 0 1 0 1 0 0 0 0 0 0
 155.0 92.5 2.0 0.0 1 0 0 0 0 0 0 1 0 0
 155.013 106.377 2.0 9.0 1 0 0 0 0 0 0 0 0 0
 155.051 147.356 2.0 99.0 0 0 0 1 0 0 0 0 0 0
 155.29 138.636 2.0 99.0 0 1 0 0 1 0 0 0 0 1
 155.442 144.887 2.0 99.0 0 0 0 1 0 0 0 0 0 0
 155.643 110.869 2.0 72.0 1 1 0 0 1 0 0 0 0 0
 155.681 136.167 2.0 99.0 0 1 0 0 1 0 0 0 0 1
 155.833 142.418 2.0 99.0 0 0 0 1 0 0 0 0 0 0
 156.073 133.698 2.0 99.0 0 1 0 0 1 0 0 0 0 1
 156.224 139.949 2.0 99.0 0 0 0 1 0 0 0 0 0 0
 156.37 107.067 2.0 99.0 0 0 0 1 0 0 0 0 0 0
 156.416 113.247 2.0 72.0 1 1 0 0 1 0 0 0 0 0
 156.464 131.229 2.0 99.0 0 1 0 0 1 0 0 0 0 1
 156.615 137.48 2.0 99.0 0 0 0 1 0 0 0 0 0 0
 156.855 128.759 2.0 99.0 0 1 0 0 1 0 0 0 0 1
 156.97 96.2685 2.0 360.0 0 1 0 0 1 0 0 0 0 1
 157.006 135.01 2.0 99.0 0 0 0 1 0 0 0 0 0 0
 157.129 150.217 2.0 99.0 0 0 0 1 0 0 0 0 0 0
 157.188 115.625 2.0 72.0 1 1 0 0 1 0 0 0 0 0
 157.246 126.29 2.0 99.0 0 1 0 0 1 0 0 0 0 1
 157.397 132.541 2.0 99.0 0 0 0 1 0 0 0 0 0 0
 157.424 101.223 2.0 360.0 0 1 0 1 0 0 0 0 0 0
 157.482 106.768 2.0 18.0 1 0 0 0 0 0 0 0 0 0
 157.482 106.768 2.0 27.0 1 0 0 0 0 0 0 0 0 0
 157.482 106.768 2.0 36.0 1 0 0 0 0 0 0 0 0 0
 157.482 106.768 2.0 45.0 1 0 0 0 0 0 0 0 0 0
 157.482 106.768 2.0 54.0 1 0 0 0 0 0 0 0 0 0
 157.482 106.768 2.0 63.0 1 0 0 0 0 0 0 0 0 0
 157.482 106.768 2.0 72.0 1 0 0 0 0 0 0 0 0 0
 157.482 106.768 2.0 81.0 1 0 0 0 0 0 0 0 0 0
 157.482 106.768 2.0 9.0 1 0 0 0 0 0 0 0 0 0
 157.482 109.268 2.0 90.0 1 0 0 0 0 0 0 0 0 0
 157.482 111.768 2.0 90.0 1 0 0 0 0 0 0 0 0 0
 157.482 114.268 2.0 90.0 1 0 0 0 0 0 0 0 0 0
 157.482 116.768 2.0 90.0 1 0 0 0 0 0 0 0 0 0
 157.482 119.268 2.0 90.0 1 0 0 0 0 0 0 0 0 0
 157.482 121.768 2.0 90.0 1 0 0 0 0 0 0 0 0 0
 157.482 124.268 2.0 90.0 1 0 0 0 0 0 0 0 0 0
 157.482 126.768 2.0 90.0 1 0 0 0 0 0 0 0 0 0
 157.482 129.268 2.0 90.0 1 0 0 0 0 0 0 0 0 0
 157.482 131.768 2.0 90.0 1 0 0 0 0 0 0 0 0 0
 157.482 134.268 2.0 90.0 1 0 0 0 0 0 0 0 0 0
 157.482 136.768 2.0 90.0 1 0 0 0 0 0 0 0 0 0
 157.482 139.268 2.0 90.0 1 0 0 0 0 0 0 0 0 0
 157.482 141.768 2.0 90.0 1 0 0 0 0 0 0 0 0 0
 157.482 144.268 2.0 90.0 1 0 0 0 0 0 0 0 0 0
 157.482 146.768 2.0 90.0 1 0 0 0 0 0 0 0 0 0
 157.482 149.268 2.0 90.0 1 0 0 0 0 0 0 0 0 0
 157.482 151.768 2.0 90.0 1 0 0 0 0 0 0 0 0 0
 157.5 92.5 2.0 0.0 1 0 0 0 0 0 0 1 0 0
 157.637 123.821 2.0 99.0 0 1 0 0 1 0 0 0 0 1
 157.789 130.072 2.0 99.0 0 0 0 1 0 0 0 0 0 0
 157.961 118.002 2.0 72.0 1 1 0 0 1 0 0 0 0 0
 158.028 121.352 2.0 99.0 0 1 0 0 1 0 0 0 0 1
 158.18 127.603 2.0 99.0 0 0 0 1 0 0 0 0 0 0
 158.419 118.883 2.0 99.0 0 1 0 0 1 0 0 0 0 1
 158.571 125.133 2.0 99.0 0 0 0 1 0 0 0 0 0 0
 158.703 123.935 2.0 99.0 0 1 0 0 0 0 0 0 0 0
 158.703 126.435 2.0 90.0 0 1 0 0 0 0 0 0 0 0
 158.703 128.935 2.0 90.0 0 0 0 0 0 0 0 0 0 0
 158.703 131.435 2.0 90.0 0 0 0 0 0 0 0 0 0 0
 158.703 133.935 2.0 90.0 0 0 0 0 0 0 0 0 0 0
 158.703 136.435 2.0 90.0 0 0 0 0 0 0 0 0 0 0
 158.703 138.935 2.0 90.0 0 0 0 0 0 0 0 0 0 0
 158.703 141.435 2.0 90.0 0 0 0 0 0 0 0 0 0 0
 158.703 143.935 2.0 90.0 0 0 0 0 0 0 0 0 0 0
 158.703 146.435 2.0 90.0 0 0 0 0 0 0 0 0 0 0
 158.703 148.935 2.0 90.0 0 0 0 0 0 0 0 0 0 0
 158.703 151.435 2.0 90.0 0 0 0 0 0 0 0 0 0 0
 158.733 120.38 2.0 72.0 1 1 0 0 1 0 0 0 0 0
 158.81 116.413 2.0 99.0 0 1 0 0 1 0 0 0 0 1
 158.839 107.458 2.0 99.0 0 0 0 1 0 0 0 0 0 0
 158.962 122.664 2.0 99.0 0 0 0 1 0 0 0 0 0 0
 159.078 98.7377 2.0 99.0 0 1 0 0 1 0 0 0 0 1
 159.094 121.466 2.0 99.0 0 1 0 0 0 0 0 0 0 0
 159.201 113.944 2.0 99.0 0 1 0 0 1 0 0 0 0 1
 159.353 120.195 2.0 99.0 0 0 0 1 0 0 0 0 0 0
 159.47 96.2685 2.0 18.0 0 1 0 0 1 0 0 0 0 1
 159.47 96.2685 2.0 27.0 0 1 0 0 1 0 0 0 0 1
 159.47 96.2685 2.0 36.0 0 1 0 0 1 0 0 0 0 1
 159.47 96.2685 2.0 360.0 0 1 0 0 1 0 0 0 0 1
 159.47 96.2685 2.0 45.0 0 1 0 0 1 0 0 0 0 1
 159.47 96.2685 2.0 54.0 0 1 0 0 1 0 0 0 0 1
 159.47 96.2685 2.0 63.0 0 1 0 0 1 0 0 0 0 1
 159.47 96.2685 2.0 72.0 0 1 0 0 1 0 0 0 0 1
 159.47 96.2685 2.0 81.0 0 1 0 0 1 0 0 0 0 1
 159.47 96.2685 2.0 9.0 0 1 0 0 1 0 0 0 0 1
 159.47 96.2685 2.0 90.0 0 1 0 0 1 0 0 0 0 1
 159.485 118.996 2.0 99.0 0 1 0 0 0 0 0 0 0 0
 159.506 122.758 2.0 72.0 1 1 0 0 1 0 0 0 0 0
 159.592 111.475 2.0 99.0 0 1 0 0 1 0 0 0 0 1
 159.744 117.726 2.0 99.0 0 0 0 1 0 0 0 0 0 0
 159.876 116.527 2.0 99.0 0 1 0 0 0 0 0 0 0 0
 159.924 101.223 2.0 0.0 0 1 0 1 0 0 0 0 0 0
 159.924 101.223 2.0 297.0 0 1 0 1 0 0 0 0 0 0
 159.924 101.223 2.0 306.0 0 1 0 1 0 0 0 0 0 0
 159.924 101.223 2.0 315.0 0 1 0 1 0 0 0 0 0 0
 159.924 101.223 2.0 324.0 0 1 0 1 0 0 0 0 0 0
 159.924 101.223 2.0 333.0 0 1 0 1 0 0 0 0 0 0
 159.924 101.223 2.0 342.0 0 1 0 1 0 0 0 0 0 0
 159.924 101.223 2.0 351.0 0 1 0 1 0 0 0 0 0 0
 159.924 101.223 2.0 360.0 0 1 0 1 0 0 0 0 0 0
 159.924 101.223 2.0 9.0 0 1 0 1 0 0 0 0 0 0
 159.983 109.006 2.0 99.0 0 1 0 0 1 0 0 0 0 1
 160.0 92.5 2.0 0.0 1 0 0 0 0 0 0 1 0 0
 160.135 115.257 2.0 99.0 0 0 0 1 0 0 0 0 0 0
 160.267 114.058 2.0 99.0 0 1 0 0 0 0 0 0 0 0
 160.278 125.135 2.0 72.0 1 1 0 0 1 0 0 0 0 0
 160.374 106.536 2.0 99.0 0 1 0 0 1 0 0 0 0 1
 160.526 112.787 2.0 99.0 0 0 0 1 0 0 0 0 0 0
 160.658 111.589 2.0 99.0 0 1 0 0 0 0 0 0 0 0
 160.697 98.8455 2.0 288.0 0 1 0 1 0 0 0 0 0 0
 160.766 104.067 2.0 99.0 0 1 0 0 1 0 0 0 0 1
 160.917 110.318 2.0 99.0 0 0 0 1 0 0 0 0 0 0
 161.049 109.119 2.0 99.0 0 1 0 0 0 0 0 0 0 0
 161.051 127.513 2.0 72.0 1 1 0 0 1 0 0 0 0 0
 161.157 101.598 2.0 99.0 0 1 0 0 1 0 0 0 0 1
 161.308 107.849 2.0 99.0 0 0 0 1 0 0 0 0 0 0
 161.44 106.65 2.0 99.0 0 1 0 0 0 0 0 0 0 0
 161.469 96.4678 2.0 288.0 0 1 0 1 0 0 0 0 0 0
 161.548 99.1288 2.0 99.0 0 1 0 0 1 0 0 0 0 1
 161.823 129.89 2.0 72.0 1 1 0 0 1 0 0 0 0 0
 161.831 104.181 2.0 99.0 0 1 0 0 0 0 0 0 0 0
 162.063 139.884 2.0 81.0 1 1 0 0 1 0 0 0 0 0
 162.222 101.712 2.0 99.0 0 1 0 0 0 0 0 0 0 0
 162.242 94.0902 2.0 288.0 0 1 0 0 0 0 0 0 0 0
 162.454 142.353 2.0 81.0 1 1 0 0 1 0 0 0 0 0
 162.5 100.0 2.0 0.0 1 0 0 0 0 0 0 1 0 0
 162.5 102.5 2.0 0.0 1 0 0 0 0 0 0 1 0 0
 162.5 105.0 2.0 0.0 1 0 0 0 0 0 0 1 0 0
 162.5 107.5 2.0 0.0 1 0 0 0 0 0 0 1 0 0
 162.5 110.0 2.0 0.0 1 0 0 0 0 0 0 1 0 0
 162.5 112.5 2.0 0.0 1 0 0 0 0 0 0 1 0 0
 162.5 115.0 2.0 0.0 1 0 0 0 0 0 0 1 0 0
 162.5 117.5 2.0 0.0 1 0 0 0 0 0 0 1 0 0
 162.5 120.0 2.0 0.0 1 0 0 0 0 0 0 1 0 0
 162.5 122.5 2.0 0.0 1 0 0 0 0 0 0 1 0 0
 162.5 125.0 2.0 0.0 1 0 0 0 0 0 0 1 0 0
 162.5 127.5 2.0 0.0 1 0 0 0 0 0 0 1 0 0
 162.5 130.0 2.0 0.0 1 0 0 0 0 0 0 1 0 0
 162.5 132.5 2.0 0.0 1 0 0 0 0 0 0 1 0 0
 162.5 135.0 2.0 0.0 1 0 0 0 0 0 0 1 0 0
 162.5 137.5 2.0 0.0 1 0 0 0 0 0 0 1 0 0
 162.5 140.0 2.0 0.0 1 0 0 0 0 0 0 1 0 0
 162.5 142.5 2.0 0.0 1 0 0 0 0 0 0 1 0 0
 162.5 145.0 2.0 0.0 1 0 0 0 0 0 0 1 0 0
 162.5 147.5 2.0 0.0 1 0 0 0 0 0 0 1 0 0
 162.5 150.0 2.0 0.0 1 0 0 0 0 0 0 1 0 0
 162.5 72.5 2.0 0.0 1 0 0 0 0 0 0 1 0 0
 162.5 75.0 2.0 0.0 1 0 0 0 0 0 0 1 0 0
 162.5 77.5 2.0 0.0 1 0 0 0 0 0 0 1 0 0
 162.5 80.0 2.0 0.0 1 0 0 0 0 0 0 1 0 0
 162.5 82.5 2.0 0.0 1 0 0 0 0 0 0 1 0 0
 162.5 85.0 2.0 0.0 1 0 0 0 0 0 0 1 0 0
 162.5 87.5 2.0 0.0 1 0 0 0 0 0 0 1 0 0
 162.5 90.0 2.0 0.0 1 0 0 0 0 0 0 1 0 0
 162.5 92.5 2.0 0.0 1 0 0 0 0 0 0 1 0 0
 162.5 95.0 2.0 0.0 1 0 0 0 0 0 0 1 0 0
 162.5 97.5 2.0 0.0 1 0 0 0 0 0 0 1 0 0
 162.596 132.268 2.0 72.0 1 1 0 0 1 0 0 0 0 0
 162.614 99.2426 2.0 99.0 0 1 0 0 0 0 0 0 0 0
 162.845 144.822 2.0 81.0 1 1 0 0 1 0 0 0 0 0
 163.005 96.7734 2.0 99.0 0 1 0 0 0 0 0 0 0 0
 163.014 91.7126 2.0 288.0 0 1 0 0 0 0 0 0 0 0
 163.236 147.291 2.0 81.0 1 1 0 0 1 0 0 0 0 0
 163.368 134.646 2.0 72.0 1 1 0 0 1 0 0 0 0 0
 163.396 94.3041 2.0 99.0 0 1 0 0 0 0 0 0 0 0
 163.627 149.761 2.0 81.0 1 1 0 0 1 0 0 0 0 0
 163.787 89.3349 2.0 18.0 0 0 0 1 0 0 0 0 0 0
 163.787 89.3349 2.0 27.0 0 0 0 1 0 0 0 0 0 0
 163.787 89.3349 2.0 288.0 0 1 0 0 0 0 0 0 0 0
 163.787 89.3349 2.0 297.0 0 1 0 0 0 0 0 0 0 0
 163.787 89.3349 2.0 306.0 0 1 0 0 0 0 0 0 0 0
 163.787 89.3349 2.0 315.0 0 1 0 0 0 0 0 0 0 0
 163.787 89.3349 2.0 324.0 0 1 0 0 0 0 0 0 0 0
 163.787 89.3349 2.0 333.0 0 1 0 0 0 0 0 0 0 0
 163.787 89.3349 2.0 342.0 0 0 0 1 0 0 0 0 0 0
 163.787 89.3349 2.0 351.0 0 0 0 1 0 0 0 0 0 0
 163.787 89.3349 2.0 36.0 0 0 0 1 0 0 0 0 0 0
 163.787 89.3349 2.0 360.0 0 0 0 1 0 0 0 0 0 0
 163.787 89.3349 2.0 45.0 0 0 0 1 0 0 0 0 0 0
 163.787 89.3349 2.0 54.0 0 0 0 1 0 0 0 0 0 0
 163.787 89.3349 2.0 63.0 0 0 0 1 0 0 0 0 0 0
 163.787 89.3349 2.0 72.0 0 0 0 1 0 0 0 0 0 0
 163.787 89.3349 2.0 81.0 0 0 0 1 0 0 0 0 0 0
 163.787 89.3349 2.0 9.0 0 0 0 1 0 0 0 0 0 0
 163.787 91.8349 2.0 90.0 0 0 0 1 0 0 0 0 0 0
 164.018 152.23 2.0 81.0 1 1 0 0 1 0 0 0 0 0
 164.141 137.023 2.0 72.0 1 1 0 0 1 0 0 0 0 0
 164.532 139.493 2.0 81.0 1 1 0 0 1 0 0 0 0 0
