 14.5922 41.6435 2.0 108.0 0 0 0 0 0 0 0 0 0 0
 14.5922 41.6435 2.0 18.0 0 0 0 0 0 0 0 0 0 0
 14.5922 41.6435 2.0 27.0 0 0 0 0 0 0 0 0 0 0
 14.5922 41.6435 2.0 36.0 0 0 0 0 0 0 0 0 0 0
 14.5922 41.6435 2.0 45.0 0 0 0 0 0 0 0 0 0 0
 14.5922 41.6435 2.0 54.0 0 0 0 0 0 0 0 0 0 0
 14.5922 41.6435 2.0 63.0 0 0 0 0 0 0 0 0 0 0
 14.5922 41.6435 2.0 72.0 0 0 0 0 0 0 0 0 0 0
 14.5922 41.6435 2.0 81.0 0 0 0 0 0 0 0 0 0 0
 14.5922 41.6435 2.0 90.0 0 0 0 0 0 0 0 0 0 0
 14.5922 41.6435 2.0 99.0 0 0 0 0 0 0 0 0 0 0
 15.3647 39.2658 2.0 108.0 0 0 0 0 0 0 0 0 0 0
 16.1373 36.8882 2.0 108.0 0 0 0 0 0 0 0 0 0 0
 16.9098 34.5106 2.0 108.0 0 0 0 0 0 0 0 0 0 0
 17.0614 42.0346 2.0 9.0 0 0 0 0 0 0 0 0 0 0
 17.2624 37.2845 2.0 27.0 0 0 1 0 0 0 0 0 0 0
 17.2624 37.2845 2.0 36.0 0 0 1 0 0 0 0 0 0 0
 17.2624 37.2845 2.0 45.0 0 0 1 0 0 0 0 0 0 0
 17.2624 37.2845 2.0 54.0 0 0 1 0 0 0 0 0 0 0
 17.2624 37.2845 2.0 63.0 0 1 0 0 1 0 0 0 0 0
 17.2624 37.2845 2.0 72.0 0 1 0 0 1 0 0 0 0 0
 17.2624 37.2845 2.0 81.0 0 1 0 0 1 0 0 0 0 0
 17.2624 37.2845 2.0 90.0 0 1 0 0 1 0 0 0 0 0
 17.2624 37.2845 2.0 99.0 0 1 0 0 1 0 0 0 0 0
 17.6535 34.8153 2.0 99.0 0 1 0 0 1 0 0 0 0 0
 17.6824 32.1329 2.0 108.0 0 0 0 0 0 0 0 0 0 0
 18.0446 32.3461 2.0 99.0 0 1 0 0 1 0 0 0 0 0
 18.4357 29.8769 2.0 99.0 0 1 0 0 1 0 0 0 0 0
 18.4549 29.7553 2.0 108.0 0 0 0 0 0 0 0 0 0 0
 18.8267 27.4077 2.0 99.0 0 1 0 0 1 0 0 0 0 0
 19.2178 24.9384 2.0 99.0 0 0 0 0 0 0 0 0 0 0
 19.2275 27.3776 2.0 108.0 0 0 0 0 0 0 0 0 0 0
 19.5306 42.4257 2.0 9.0 0 0 0 0 0 0 0 0 0 0
 19.6089 22.4692 2.0 99.0 0 0 0 0 0 0 0 0 0 0
 19.64 38.0571 2.0 18.0 0 0 1 0 0 0 0 0 0 0
 20.0 15.0 2.0 0.0 0 1 0 0 1 0 0 0 0 0
 20.0 15.0 2.0 0.0 1 0 0 0 1 0 0 0 0 0
 20.0 17.5 2.0 0.0 0 1 0 0 1 0 0 0 0 0
 20.0 17.5 2.0 0.0 1 0 0 0 1 0 0 0 0 0
 20.0 20.0 2.0 0.0 0 1 0 0 1 0 0 0 0 0
 20.0 20.0 2.0 0.0 1 0 0 0 0 0 0 0 0 0
 20.0 20.0 2.0 0.0 1 0 0 0 1 0 0 0 0 0
 20.0 20.0 2.0 108.0 1 0 1 0 0 0 0 0 0 0
 20.0 20.0 2.0 117.0 1 0 1 0 0 0 0 0 0 0
 20.0 20.0 2.0 126.0 1 0 1 0 0 0 0 0 0 0
 20.0 20.0 2.0 135.0 1 0 1 0 0 0 0 0 0 0
 20.0 20.0 2.0 144.0 1 0 1 0 0 0 0 0 0 0
 20.0 20.0 2.0 153.0 1 0 1 0 0 0 0 0 0 0
 20.0 20.0 2.0 162.0 1 0 1 0 0 0 0 0 0 0
 20.0 20.0 2.0 171.0 1 0 1 0 0 0 0 0 0 0
 20.0 20.0 2.0 18.0 0 0 1 0 0 0 0 0 0 0
 20.0 20.0 2.0 18.0 0 1 0 0 1 0 0 0 0 0
 20.0 20.0 2.0 18.0 1 0 0 0 0 0 0 0 0 0
 20.0 20.0 2.0 18.0 1 0 1 0 0 0 0 0 0 0
 20.0 20.0 2.0 180.0 1 0 1 0 0 0 0 0 0 0
 20.0 20.0 2.0 189.0 1 0 1 0 0 0 0 0 0 0
 20.0 20.0 2.0 198.0 1 0 1 0 0 0 0 0 0 0
 20.0 20.0 2.0 207.0 1 0 1 0 0 0 0 0 0 0
 20.0 20.0 2.0 216.0 1 0 1 0 0 0 0 0 0 0
 20.0 20.0 2.0 225.0 1 0 0 0 0 0 0 0 0 0
 20.0 20.0 2.0 225.0 1 0 1 0 0 0 0 0 0 0
 20.0 20.0 2.0 234.0 1 0 0 0 0 0 0 0 0 0
 20.0 20.0 2.0 234.0 1 0 1 0 0 0 0 0 0 0
 20.0 20.0 2.0 243.0 1 0 0 0 0 0 0 0 0 0
 20.0 20.0 2.0 243.0 1 0 1 0 0 0 0 0 0 0
 20.0 20.0 2.0 252.0 1 0 0 0 0 0 0 0 0 0
 20.0 20.0 2.0 252.0 1 0 1 0 0 0 0 0 0 0
 20.0 20.0 2.0 261.0 1 0 0 0 0 0 0 0 0 0
 20.0 20.0 2.0 261.0 1 0 1 0 0 0 0 0 0 0
 20.0 20.0 2.0 27.0 0 0 1 0 0 0 0 0 0 0
 20.0 20.0 2.0 27.0 1 0 0 0 0 0 0 0 0 0
 20.0 20.0 2.0 27.0 1 0 1 0 0 0 0 0 0 0
 20.0 20.0 2.0 270.0 1 0 0 0 0 0 0 0 0 0
 20.0 20.0 2.0 270.0 1 0 1 0 0 0 0 0 0 0
 20.0 20.0 2.0 279.0 1 0 0 0 0 0 0 0 0 0
 20.0 20.0 2.0 279.0 1 0 1 0 0 0 0 0 0 0
 20.0 20.0 2.0 288.0 1 0 0 0 0 0 0 0 0 0
 20.0 20.0 2.0 288.0 1 0 1 0 0 0 0 0 0 0
 20.0 20.0 2.0 297.0 1 0 0 0 0 0 0 0 0 0
 20.0 20.0 2.0 297.0 1 0 1 0 0 0 0 0 0 0
 20.0 20.0 2.0 306.0 1 0 0 0 0 0 0 0 0 0
 20.0 20.0 2.0 306.0 1 0 1 0 0 0 0 0 0 0
 20.0 20.0 2.0 315.0 1 0 0 0 0 0 0 0 0 0
 20.0 20.0 2.0 315.0 1 0 1 0 0 0 0 0 0 0
 20.0 20.0 2.0 324.0 1 0 0 0 0 0 0 0 0 0
 20.0 20.0 2.0 324.0 1 0 1 0 0 0 0 0 0 0
 20.0 20.0 2.0 333.0 1 0 0 0 0 0 0 0 0 0
 20.0 20.0 2.0 333.0 1 0 1 0 0 0 0 0 0 0
 20.0 20.0 2.0 342.0 1 0 0 0 0 0 0 0 0 0
 20.0 20.0 2.0 342.0 1 0 1 0 0 0 0 0 0 0
 20.0 20.0 2.0 351.0 1 0 0 0 0 0 0 0 0 0
 20.0 20.0 2.0 351.0 1 0 1 0 0 0 0 0 0 0
 20.0 20.0 2.0 36.0 0 0 0 0 0 0 0 0 0 0
 20.0 20.0 2.0 36.0 0 0 1 0 0 0 0 0 0 0
 20.0 20.0 2.0 36.0 1 0 1 0 0 0 0 0 0 0
 20.0 20.0 2.0 360.0 1 0 0 0 0 0 0 0 0 0
 20.0 20.0 2.0 360.0 1 0 1 0 0 0 0 0 0 0
 20.0 20.0 2.0 45.0 0 0 0 0 0 0 0 0 0 0
 20.0 20.0 2.0 45.0 0 0 1 0 0 0 0 0 0 0
 20.0 20.0 2.0 45.0 1 0 1 0 0 0 0 0 0 0
 20.0 20.0 2.0 54.0 0 0 0 0 0 0 0 0 0 0
 20.0 20.0 2.0 54.0 0 0 1 0 0 0 0 0 0 0
 20.0 20.0 2.0 54.0 1 0 1 0 0 0 0 0 0 0
 20.0 20.0 2.0 63.0 0 0 0 0 0 0 0 0 0 0
 20.0 20.0 2.0 63.0 0 0 1 0 0 0 0 0 0 0
 20.0 20.0 2.0 63.0 1 0 1 0 0 0 0 0 0 0
 20.0 20.0 2.0 72.0 0 0 0 0 0 0 0 0 0 0
 20.0 20.0 2.0 72.0 0 0 1 0 0 0 0 0 0 0
 20.0 20.0 2.0 72.0 1 0 1 0 0 0 0 0 0 0
 20.0 20.0 2.0 81.0 0 0 0 0 0 0 0 0 0 0
 20.0 20.0 2.0 81.0 0 0 1 0 0 0 0 0 0 0
 20.0 20.0 2.0 81.0 1 0 1 0 0 0 0 0 0 0
 20.0 20.0 2.0 9.0 0 1 0 0 1 0 0 0 0 0
 20.0 20.0 2.0 9.0 1 0 0 0 0 0 0 0 0 0
 20.0 20.0 2.0 9.0 1 0 0 0 1 0 0 0 0 0
 20.0 20.0 2.0 9.0 1 0 1 0 0 0 0 0 0 0
 20.0 20.0 2.0 90.0 0 0 0 0 0 0 0 0 0 0
 20.0 20.0 2.0 90.0 1 0 1 0 0 0 0 0 0 0
 20.0 20.0 2.0 99.0 1 0 1 0 0 0 0 0 0 0
 20.0 22.5 2.0 18.0 0 0 0 1 0 0 0 0 0 0
 20.0 22.5 2.0 27.0 0 0 0 1 0 0 0 0 0 0
 20.0 22.5 2.0 36.0 0 0 0 1 0 0 0 0 0 0
 20.0 22.5 2.0 45.0 0 0 0 1 0 0 0 0 0 0
 20.0 22.5 2.0 54.0 0 0 0 1 0 0 0 0 0 0
 20.0 22.5 2.0 63.0 0 0 0 1 0 0 0 0 0 0
 20.0 22.5 2.0 9.0 1 0 0 0 0 0 0 0 0 0
 20.0 22.5 2.0 90.0 0 0 1 0 0 0 0 0 0 0
 20.0 22.5 2.0 90.0 1 0 1 0 0 0 0 0 0 0
 20.0 25.0 2.0 0.0 0 0 0 0 0 0 0 0 0 0
 20.0 25.0 2.0 18.0 0 0 0 0 0 0 0 0 0 0
 20.0 25.0 2.0 27.0 0 0 0 0 0 0 0 0 0 0
 20.0 25.0 2.0 36.0 0 0 0 0 0 0 0 0 0 0
 20.0 25.0 2.0 45.0 0 0 0 0 0 0 0 0 0 0
 20.0 25.0 2.0 54.0 0 0 0 0 0 0 0 0 0 0
 20.0 25.0 2.0 63.0 0 0 0 0 0 0 0 0 0 0
 20.0 25.0 2.0 72.0 0 0 0 0 0 0 0 0 0 0
 20.0 25.0 2.0 81.0 0 0 0 0 0 0 0 0 0 0
 20.0 25.0 2.0 9.0 0 0 0 0 0 0 0 0 0 0
 20.0 25.0 2.0 90.0 0 0 0 0 0 0 0 0 0 0
 20.0 25.0 2.0 90.0 0 0 1 0 0 0 0 0 0 0
 20.0 25.0 2.0 90.0 1 0 1 0 0 0 0 0 0 0
 20.0 25.0 2.0 99.0 0 0 0 0 0 0 0 0 0 0
 20.0 27.5 2.0 81.0 0 1 1 0 0 0 0 0 0 0
 20.0 27.5 2.0 90.0 0 1 1 0 0 0 0 0 0 0
 20.0 27.5 2.0 90.0 1 0 1 0 0 0 0 0 0 0
 20.0 30.0 2.0 90.0 1 0 1 0 0 0 0 0 0 0
 20.0 32.5 2.0 90.0 1 0 1 0 0 0 0 0 0 0
 20.0 35.0 2.0 90.0 1 0 1 0 0 0 0 0 0 0
 20.0 37.5 2.0 90.0 1 0 1 0 0 0 0 0 0 0
 20.0 40.0 2.0 90.0 1 0 1 0 0 0 0 0 0 0
 20.0 42.5 2.0 90.0 1 0 1 0 0 0 0 0 0 0
 20.0 45.0 2.0 90.0 1 0 1 0 0 0 0 0 0 0
 20.7725 24.8776 2.0 72.0 0 0 0 1 0 0 0 0 0 0
 20.7725 29.8776 2.0 72.0 0 1 1 0 0 0 0 0 0 0
 21.5451 27.2553 2.0 72.0 0 0 0 1 0 0 0 0 0 0
 21.5451 32.2553 2.0 72.0 0 1 1 0 0 0 0 0 0 0
 21.9999 42.8167 2.0 9.0 0 0 1 1 0 0 0 0 0 0
 22.0177 38.8296 2.0 18.0 0 0 1 0 0 0 0 0 0 0
 22.0177 38.8296 2.0 9.0 0 0 1 0 0 0 0 0 0 0
 22.3176 29.6329 2.0 72.0 0 0 0 1 0 0 0 0 0 0
 22.3176 34.6329 2.0 72.0 0 1 1 0 0 0 0 0 0 0
 22.5 45.0 2.0 90.0 1 0 1 0 0 0 0 0 0 0
 23.0902 32.0106 2.0 72.0 0 0 0 1 0 0 0 0 0 0
 23.0902 37.0106 2.0 72.0 0 1 1 0 0 0 0 0 0 0
 23.8627 34.3882 2.0 72.0 0 0 0 1 0 0 0 0 0 0
 23.8627 39.3882 2.0 27.0 0 0 0 1 0 0 0 0 0 0
 23.8627 39.3882 2.0 36.0 0 0 0 1 0 0 0 0 0 0
 23.8627 39.3882 2.0 45.0 0 0 0 1 0 0 0 0 0 0
 23.8627 39.3882 2.0 54.0 0 0 0 1 0 0 0 0 0 0
 23.8627 39.3882 2.0 63.0 0 1 1 0 0 0 0 0 0 0
 23.8627 39.3882 2.0 72.0 0 1 1 0 0 0 0 0 0 0
 24.3953 39.6022 2.0 18.0 1 0 0 0 1 0 0 1 0 0
 24.4691 43.2078 2.0 9.0 0 0 1 1 0 0 0 0 0 0
 24.6353 36.7658 2.0 54.0 0 0 0 1 0 0 0 0 0 0
 24.6353 36.7658 2.0 63.0 0 0 0 1 0 0 0 0 0 0
 24.6353 36.7658 2.0 72.0 0 0 0 1 0 0 0 0 0 0
 25.0 20.0 2.0 0.0 0 0 1 1 0 0 0 0 0 0
 25.0 20.0 2.0 18.0 1 0 0 0 1 0 0 0 0 0
 25.0 20.0 2.0 27.0 1 0 0 0 1 0 0 0 0 0
 25.0 20.0 2.0 36.0 1 0 0 0 1 0 0 0 0 0
 25.0 20.0 2.0 45.0 1 0 0 0 1 0 0 0 0 0
 25.0 20.0 2.0 54.0 1 0 0 0 1 0 0 0 0 0
 25.0 20.0 2.0 63.0 1 0 0 0 1 0 0 0 0 0
 25.0 20.0 2.0 72.0 1 0 0 0 1 0 0 0 0 0
 25.0 20.0 2.0 9.0 0 0 0 0 0 0 0 0 0 0
 25.0 45.0 2.0 18.0 1 0 1 0 0 0 0 0 0 0
 25.0 45.0 2.0 27.0 1 0 1 0 0 0 0 0 0 0
 25.0 45.0 2.0 36.0 1 0 1 0 0 0 0 0 0 0
 25.0 45.0 2.0 45.0 1 0 1 0 0 0 0 0 0 0
 25.0 45.0 2.0 54.0 1 0 1 0 0 0 0 0 0 0
 25.0 45.0 2.0 63.0 1 0 1 0 0 0 0 0 0 0
 25.0 45.0 2.0 72.0 1 0 1 0 0 0 0 0 0 0
 25.0 45.0 2.0 81.0 1 0 1 0 0 0 0 0 0 0
 25.0 45.0 2.0 90.0 1 0 1 0 0 0 0 0 0 0
 25.3911 22.4692 2.0 81.0 1 0 0 0 1 0 0 0 0 0
 25.3911 42.5308 2.0 9.0 1 0 1 0 0 0 0 0 0 0
 25.7822 24.9384 2.0 81.0 1 0 0 0 1 0 0 0 0 0
 26.1733 27.4077 2.0 81.0 1 0 0 0 1 0 0 0 0 0
 26.2404 40.1607 2.0 18.0 0 0 0 1 0 0 0 0 0 0
 26.403 38.5336 2.0 45.0 0 0 0 0 1 0 0 0 0 0
 26.5643 29.8769 2.0 81.0 0 0 1 1 0 0 0 0 0 0
 26.773 40.3747 2.0 18.0 1 0 0 0 1 0 0 1 0 0
 26.773 40.3747 2.0 27.0 1 0 0 0 1 0 0 1 0 0
 26.773 40.3747 2.0 36.0 1 0 0 0 1 0 0 1 0 0
 26.773 40.3747 2.0 45.0 1 0 0 0 1 0 0 1 0 0
 26.773 40.3747 2.0 54.0 1 0 0 0 1 0 0 1 0 0
 26.9383 43.5989 2.0 9.0 0 0 1 1 0 0 0 0 0 0
 26.9554 32.3461 2.0 81.0 0 0 1 1 0 0 0 0 0 0
 27.3465 34.8153 2.0 27.0 0 1 1 0 1 0 0 0 0 0
 27.3465 34.8153 2.0 36.0 0 1 1 0 1 0 0 0 0 0
 27.3465 34.8153 2.0 45.0 0 1 1 0 1 0 0 0 0 0
 27.3465 34.8153 2.0 54.0 0 1 1 0 1 0 0 0 0 0
 27.3465 34.8153 2.0 63.0 0 1 1 0 1 0 0 0 0 0
 27.3465 34.8153 2.0 72.0 0 0 1 1 0 0 0 0 0 0
 27.3465 34.8153 2.0 81.0 0 0 1 1 0 0 0 0 0 0
 27.8603 42.9219 2.0 9.0 0 0 0 0 0 0 1 0 0 0
 27.9079 42.6022 2.0 63.0 1 0 0 0 1 0 0 1 0 0
 28.1708 40.3014 2.0 45.0 0 0 0 0 1 0 0 0 0 0
 28.618 40.9333 2.0 18.0 0 0 0 1 0 0 0 0 0 0
 28.618 40.9333 2.0 18.0 1 0 0 0 0 0 0 0 0 0
 29.0429 44.8297 2.0 63.0 1 0 0 0 1 0 0 1 0 0
 29.4075 43.99 2.0 9.0 0 0 1 1 0 0 0 0 0 0
 29.7242 35.5879 2.0 18.0 0 1 1 0 1 0 0 0 0 0
 29.9386 42.0692 2.0 45.0 0 0 0 0 1 0 0 0 0 0
 30.1779 47.0573 2.0 63.0 1 0 0 0 1 0 0 1 0 0
 30.3295 43.313 2.0 9.0 0 0 0 0 0 0 1 0 0 0
 31.0872 41.3244 2.0 9.0 1 0 0 0 0 0 0 0 0 0
 31.3129 49.2848 2.0 63.0 1 0 0 0 1 0 0 1 0 0
 31.7063 43.8369 2.0 45.0 0 0 0 0 1 0 0 0 0 0
 31.8767 44.3811 2.0 9.0 0 0 1 1 0 0 0 0 0 0
 32.1018 36.3604 2.0 18.0 0 1 1 0 1 0 0 0 0 0
 32.4478 51.5123 2.0 63.0 0 0 0 0 0 0 0 0 0 0
 32.5132 72.3247 2.0 81.0 1 1 1 0 0 0 0 1 0 0
 32.5132 72.3247 2.0 90.0 1 1 1 0 0 0 0 1 0 0
 32.5132 72.3247 2.0 99.0 1 1 1 0 0 0 0 1 0 0
 32.7987 43.704 2.0 9.0 0 1 0 0 0 0 0 0 0 0
 32.9043 69.8555 2.0 99.0 1 1 1 0 0 0 0 1 0 0
 33.2858 74.7023 2.0 72.0 1 1 1 0 0 0 0 1 0 0
 33.2954 67.3862 2.0 99.0 1 1 1 0 0 0 0 1 0 0
 33.4741 45.6047 2.0 18.0 0 0 0 0 0 0 0 0 0 1
 33.4741 45.6047 2.0 18.0 0 1 0 0 0 0 0 0 1 0
 33.4741 45.6047 2.0 27.0 0 0 0 0 0 0 0 0 0 1
 33.4741 45.6047 2.0 27.0 0 1 0 0 0 0 0 0 1 0
 33.4741 45.6047 2.0 36.0 0 0 0 0 0 0 0 0 0 1
 33.4741 45.6047 2.0 36.0 0 0 0 0 1 0 0 0 0 0
 33.4741 45.6047 2.0 45.0 0 0 0 0 0 0 0 0 0 1
 33.4741 45.6047 2.0 45.0 0 0 0 0 1 0 0 0 0 0
 33.4741 45.6047 2.0 54.0 0 0 0 0 0 0 0 0 0 1
 33.4741 45.6047 2.0 9.0 0 0 0 0 0 0 0 0 0 1
 33.5564 41.7155 2.0 9.0 1 0 0 0 0 0 0 0 0 0
 33.5828 53.7398 2.0 63.0 0 0 0 0 0 0 0 0 0 0
 33.6865 64.917 2.0 99.0 1 1 1 0 0 0 0 1 0 0
 34.0583 77.08 2.0 72.0 0 0 0 0 0 0 0 0 0 0
 34.0776 62.4478 2.0 99.0 1 1 1 0 0 0 0 1 0 0
 34.346 44.7722 2.0 9.0 0 0 1 1 0 0 0 0 0 0
 34.4687 59.9786 2.0 99.0 1 1 1 0 0 0 0 1 0 0
 34.4794 37.1329 2.0 18.0 0 0 1 0 0 0 0 0 0 0
 34.4794 37.1329 2.0 9.0 0 0 1 0 0 0 0 0 0 0
 34.6091 47.8322 2.0 63.0 0 0 0 0 0 0 0 0 0 1
 34.7178 55.9673 2.0 63.0 0 0 0 0 0 0 0 0 0 0
 34.7371 42.303 2.0 9.0 0 1 0 0 0 0 0 0 0 0
 34.8309 79.4576 2.0 72.0 0 0 0 0 0 0 0 0 0 0
 34.8598 57.5094 2.0 99.0 1 1 1 0 0 0 0 1 0 0
 35.2508 55.0401 2.0 99.0 1 1 1 0 0 0 0 1 0 0
 35.268 44.0951 2.0 18.0 0 1 0 0 0 0 0 0 0 0
 35.268 44.0951 2.0 27.0 0 1 0 0 0 0 0 0 0 0
 35.268 44.0951 2.0 36.0 0 1 0 0 0 0 0 0 0 0
 35.268 44.0951 2.0 45.0 0 1 0 0 0 0 0 0 0 0
 35.268 44.0951 2.0 54.0 0 1 0 0 0 0 0 0 0 0
 35.268 44.0951 2.0 9.0 0 1 0 0 0 0 0 0 0 0
 35.6034 81.8352 2.0 18.0 0 0 0 0 0 0 0 0 0 0
 35.6034 81.8352 2.0 27.0 0 0 0 0 0 0 0 0 0 0
 35.6034 81.8352 2.0 36.0 0 0 0 0 0 0 0 0 0 0
 35.6034 81.8352 2.0 45.0 0 0 0 0 0 0 0 0 0 0
 35.6034 81.8352 2.0 54.0 0 0 0 0 0 0 0 0 0 0
 35.6034 81.8352 2.0 63.0 0 0 0 0 0 0 0 0 0 0
 35.6034 81.8352 2.0 72.0 0 0 0 0 0 0 0 0 0 0
 35.6419 52.5709 2.0 99.0 1 1 1 0 0 0 0 1 0 0
 35.744 50.0597 2.0 63.0 0 0 0 0 0 0 0 0 0 1
 35.8528 58.1948 2.0 63.0 0 0 1 0 0 0 0 0 0 0
 35.9433 45.9958 2.0 9.0 0 0 0 0 0 0 0 0 0 1
 35.9433 45.9958 2.0 9.0 0 1 0 0 0 0 0 0 1 0
 36.0257 42.1065 2.0 9.0 1 0 0 0 0 0 0 0 0 0
 36.033 50.1017 2.0 99.0 1 1 1 0 0 0 0 1 0 0
 36.4029 46.3226 2.0 63.0 0 1 0 0 0 0 0 0 0 0
 36.4241 47.6325 2.0 99.0 1 1 1 0 0 0 0 1 0 0
 36.4335 42.5164 2.0 45.0 0 0 0 0 0 0 0 0 0 0
 36.4335 42.5164 2.0 54.0 0 0 1 1 0 0 0 0 0 0
 36.4335 42.5164 2.0 63.0 0 0 1 1 0 0 0 0 0 0
 36.8152 45.1633 2.0 9.0 0 0 1 1 0 0 0 0 0 0
 36.8152 45.1633 2.0 99.0 1 1 1 0 0 0 0 1 0 0
 36.879 52.2872 2.0 63.0 0 0 0 0 0 0 0 0 0 1
 36.9794 37.1329 2.0 0.0 0 0 1 0 0 0 0 0 0 0
 36.9794 44.6329 2.0 0.0 0 0 1 0 0 0 0 0 0 0
 36.9877 60.4224 2.0 63.0 0 0 1 0 0 0 0 0 0 0
 37.206 44.894 2.0 72.0 0 0 1 1 0 0 0 0 0 0
 37.2063 42.694 2.0 108.0 0 0 0 0 0 0 0 0 0 0
 37.2063 42.694 2.0 117.0 0 0 0 0 0 0 0 0 0 0
 37.2063 42.694 2.0 126.0 0 0 0 0 0 0 0 0 0 0
 37.2063 42.694 2.0 135.0 0 0 0 0 0 0 0 0 0 0
 37.2063 42.694 2.0 144.0 0 0 0 0 0 0 0 0 0 0
 37.2063 42.694 2.0 153.0 0 0 0 0 0 0 0 0 0 0
 37.2063 42.694 2.0 162.0 0 0 0 0 0 0 0 0 0 0
 37.2063 42.694 2.0 171.0 0 0 0 0 0 0 0 0 0 0
 37.2063 42.694 2.0 18.0 0 0 0 0 0 0 0 0 0 0
 37.2063 42.694 2.0 18.0 1 1 1 0 0 0 0 1 0 0
 37.2063 42.694 2.0 180.0 0 0 0 0 0 0 0 0 0 0
 37.2063 42.694 2.0 189.0 0 0 0 0 0 0 0 0 0 0
 37.2063 42.694 2.0 198.0 0 0 0 0 0 0 0 0 0 0
 37.2063 42.694 2.0 207.0 0 0 0 0 0 0 0 0 0 0
 37.2063 42.694 2.0 216.0 0 0 0 0 0 0 0 0 0 0
 37.2063 42.694 2.0 225.0 0 0 0 0 0 0 0 0 0 0
 37.2063 42.694 2.0 234.0 0 0 0 0 0 0 0 0 0 0
 37.2063 42.694 2.0 243.0 0 0 0 0 0 0 0 0 0 0
 37.2063 42.694 2.0 252.0 0 0 0 0 0 0 0 0 0 0
 37.2063 42.694 2.0 261.0 0 0 0 0 0 0 0 0 0 0
 37.2063 42.694 2.0 27.0 0 0 0 0 0 0 0 0 0 0
 37.2063 42.694 2.0 27.0 1 1 1 0 0 0 0 1 0 0
 37.2063 42.694 2.0 270.0 0 0 0 0 0 0 0 0 0 0
 37.2063 42.694 2.0 279.0 0 0 0 0 0 0 0 0 0 0
 37.2063 42.694 2.0 288.0 0 0 0 0 0 0 0 0 0 0
 37.2063 42.694 2.0 297.0 0 0 0 0 0 0 0 0 0 0
 37.2063 42.694 2.0 306.0 0 0 0 0 0 0 0 0 0 0
 37.2063 42.694 2.0 315.0 0 0 0 0 0 0 0 0 0 0
 37.2063 42.694 2.0 324.0 0 0 0 0 0 0 0 0 0 0
 37.2063 42.694 2.0 333.0 0 0 0 0 0 0 0 0 0 0
 37.2063 42.694 2.0 342.0 0 0 0 0 0 0 0 0 0 0
 37.2063 42.694 2.0 351.0 0 0 0 0 0 0 0 0 0 0
 37.2063 42.694 2.0 36.0 0 0 0 0 0 0 0 0 0 0
 37.2063 42.694 2.0 36.0 1 1 1 0 0 0 0 1 0 0
 37.2063 42.694 2.0 360.0 0 0 0 0 0 0 0 0 0 0
 37.2063 42.694 2.0 45.0 0 0 0 0 0 0 0 0 0 0
 37.2063 42.694 2.0 45.0 1 1 1 0 0 0 0 1 0 0
 37.2063 42.694 2.0 54.0 0 0 0 0 0 0 0 0 0 0
 37.2063 42.694 2.0 54.0 1 1 1 0 0 0 0 1 0 0
 37.2063 42.694 2.0 63.0 0 0 0 0 0 0 0 0 0 0
 37.2063 42.694 2.0 63.0 1 1 1 0 0 0 0 1 0 0
 37.2063 42.694 2.0 72.0 0 0 0 0 0 0 0 0 0 0
 37.2063 42.694 2.0 72.0 1 1 1 0 0 0 0 1 0 0
 37.2063 42.694 2.0 81.0 0 0 0 0 0 0 0 0 0 0
 37.2063 42.694 2.0 81.0 1 1 1 0 0 0 0 1 0 0
 37.2063 42.694 2.0 9.0 0 0 1 1 0 0 0 0 0 0
 37.2063 42.694 2.0 9.0 0 1 0 0 0 0 0 0 0 0
 37.2063 42.694 2.0 9.0 1 1 1 0 0 0 0 1 0 0
 37.2063 42.694 2.0 90.0 0 0 0 0 0 0 0 0 0 0
 37.2063 42.694 2.0 90.0 1 1 1 0 0 0 0 1 0 0
 37.2063 42.694 2.0 99.0 0 0 0 0 0 0 0 0 0 0
 37.5379 48.5502 2.0 63.0 0 1 0 0 0 0 0 0 0 0
 37.6228 59.7302 2.0 63.0 1 0 0 0 0 0 0 0 0 0
 37.6516 54.6649 2.0 72.0 0 0 0 0 0 0 0 0 0 1
 37.9785 47.2717 2.0 72.0 0 0 1 1 0 0 0 0 0 0
 38.0726 82.2263 2.0 9.0 0 0 0 0 0 0 0 0 0 0
 38.1227 62.6499 2.0 63.0 0 0 1 0 0 0 0 0 0 0
 38.2012 40.7486 2.0 45.0 0 0 0 0 0 0 0 0 0 0
 38.4125 46.3869 2.0 9.0 0 0 0 0 0 0 0 0 0 1
 38.4125 46.3869 2.0 9.0 0 1 0 0 0 0 0 0 1 0
 38.4241 57.0425 2.0 72.0 0 0 0 0 0 0 0 0 0 1
 38.4949 42.4976 2.0 9.0 1 0 0 0 0 0 0 0 0 0
 38.6729 50.7777 2.0 63.0 1 0 0 0 0 0 0 0 0 0
 38.7511 49.6493 2.0 72.0 0 0 1 1 0 0 0 0 0 0
 38.7511 49.6493 2.0 81.0 0 0 1 1 0 0 0 0 0 0
 38.7511 52.1493 2.0 90.0 0 0 1 1 0 0 0 0 0 0
 38.7511 54.6493 2.0 90.0 0 0 1 1 0 0 0 0 0 0
 38.7511 57.1493 2.0 90.0 0 1 0 0 1 0 0 0 0 0
 38.7511 59.6493 2.0 90.0 0 1 0 0 1 0 0 0 0 0
 38.7511 62.1493 2.0 90.0 0 1 0 0 1 0 0 0 0 0
 38.7511 64.6493 2.0 90.0 0 1 0 0 1 0 0 0 0 0
 38.7511 67.1493 2.0 90.0 0 1 0 0 1 0 0 0 0 0
 38.7511 69.6493 2.0 90.0 0 1 0 0 1 0 0 0 0 0
 38.7511 72.1493 2.0 63.0 0 0 0 1 0 0 0 0 0 0
 38.7511 72.1493 2.0 72.0 0 0 0 1 0 0 0 0 0 0
 38.7511 72.1493 2.0 81.0 0 0 0 1 0 0 0 0 0 0
 38.7511 72.1493 2.0 90.0 0 0 0 1 0 0 0 0 0 0
 38.7511 72.1493 2.0 90.0 0 1 0 0 1 0 0 0 0 0
 38.7578 61.9577 2.0 63.0 1 0 0 0 0 0 0 0 0 0
 39.1966 59.4202 2.0 72.0 0 0 0 0 0 0 0 0 0 1
 39.2577 64.8774 2.0 63.0 0 0 1 0 0 0 0 0 0 0
 39.2844 45.5543 2.0 9.0 0 0 1 1 0 0 0 0 0 0
 39.4794 37.1329 2.0 0.0 0 0 1 0 0 0 0 0 0 0
 39.4794 44.6329 2.0 0.0 0 0 1 0 0 0 0 0 0 0
 39.4794 47.1329 2.0 0.0 1 0 0 0 0 1 0 0 0 0
 39.4794 49.6329 2.0 0.0 1 0 0 0 0 1 0 0 0 0
 39.4794 52.1329 2.0 0.0 1 0 0 0 0 1 0 0 0 0
 39.4794 54.6329 2.0 0.0 1 0 0 0 0 1 0 0 0 0
 39.4794 57.1329 2.0 0.0 1 0 0 0 0 1 0 0 0 0
 39.4794 59.6329 2.0 0.0 1 0 0 0 0 1 0 0 0 0
 39.4794 62.1329 2.0 0.0 1 0 0 0 0 1 0 0 0 0
 39.4794 64.6329 2.0 0.0 1 0 0 0 0 1 0 0 0 0
 39.4794 67.1329 2.0 0.0 1 0 0 0 0 1 0 0 0 0
 39.4794 69.6329 2.0 0.0 1 0 0 0 0 1 0 0 0 0
 39.4794 72.1329 2.0 0.0 1 0 0 0 0 1 0 0 0 0
 39.4794 74.6329 2.0 0.0 1 0 0 0 0 1 0 0 0 0
 39.6755 43.0851 2.0 9.0 0 0 1 1 0 0 0 0 0 0
 39.8079 53.0052 2.0 63.0 1 0 0 0 0 0 0 0 0 0
 39.8503 58.5952 2.0 63.0 1 0 0 0 0 0 0 0 0 0
 39.8927 64.1852 2.0 63.0 1 0 0 0 0 0 0 0 0 0
 39.969 38.9809 2.0 45.0 0 0 0 0 0 0 0 0 0 0
 39.9692 61.7978 2.0 72.0 0 0 0 0 0 0 0 0 0 1
 40.2205 74.1719 2.0 54.0 0 0 0 1 0 0 0 0 0 0
 40.3927 67.1049 2.0 63.0 0 0 1 0 0 0 0 0 0 0
 40.5418 82.6174 2.0 9.0 0 0 0 0 0 0 0 0 0 0
 40.7417 64.1754 2.0 72.0 0 0 0 0 0 0 0 0 0 1
 40.8818 46.778 2.0 9.0 0 0 0 0 0 0 0 0 0 1
 40.8818 46.778 2.0 9.0 0 1 0 0 0 0 0 0 1 0
 40.9428 55.2327 2.0 63.0 1 0 0 0 0 0 0 0 0 0
 40.9641 42.8887 2.0 9.0 1 0 0 0 0 0 0 0 0 0
 41.0277 66.4127 2.0 63.0 1 0 0 0 0 0 0 0 0 0
 41.5143 66.5531 2.0 72.0 0 0 0 0 0 0 0 0 0 1
 41.5276 69.3324 2.0 63.0 0 0 1 0 0 0 0 0 0 0
 41.69 76.1944 2.0 54.0 0 0 0 1 0 0 0 0 0 0
 41.7368 37.2131 2.0 45.0 1 0 0 0 0 0 0 0 0 0
 41.9794 37.1329 2.0 0.0 0 0 1 0 0 0 0 0 0 0
 41.9794 44.6329 2.0 0.0 0 0 1 0 0 0 0 0 0 0
 41.9794 74.6329 2.0 0.0 1 0 0 0 0 1 0 0 0 0
 42.0778 57.4602 2.0 63.0 1 0 0 0 0 0 0 0 0 0
 42.1627 68.6402 2.0 63.0 1 0 0 0 0 0 0 0 0 0
 42.2868 68.9307 2.0 72.0 0 0 0 0 0 0 0 0 0 1
 42.6626 71.5599 2.0 63.0 0 0 1 0 0 0 0 0 0 0
 43.0111 83.0085 2.0 9.0 0 0 0 0 0 0 0 0 0 0
 43.0593 71.3084 2.0 72.0 0 0 0 0 0 0 0 0 0 1
 43.1595 78.217 2.0 54.0 0 0 0 1 0 0 0 0 0 0
 43.2977 70.8678 2.0 63.0 1 0 0 0 0 0 0 0 0 0
 43.351 47.169 2.0 9.0 0 0 0 0 0 0 0 0 0 1
 43.351 47.169 2.0 9.0 0 1 0 0 0 0 0 0 1 0
 43.4333 43.2798 2.0 18.0 1 0 0 0 0 0 0 0 0 0
 43.4333 43.2798 2.0 9.0 1 0 0 0 0 0 0 0 0 0
 43.5045 38.9809 2.0 45.0 1 0 0 0 0 0 0 0 0 0
 43.7976 73.7875 2.0 63.0 0 0 1 0 0 0 0 0 0 0
 43.8319 73.686 2.0 72.0 0 0 0 0 0 0 0 0 0 1
 44.4326 73.0953 2.0 63.0 1 0 0 0 0 0 0 0 0 0
 44.4794 37.1329 2.0 0.0 1 0 0 0 0 1 0 0 0 0
 44.4794 44.6329 2.0 0.0 0 0 1 0 0 0 0 0 0 0
 44.4794 74.6329 2.0 0.0 0 0 1 0 0 0 1 0 0 0
 44.6044 76.0636 2.0 63.0 0 0 0 0 0 0 0 0 0 1
 44.6044 76.0636 2.0 72.0 0 0 0 0 0 0 0 0 0 1
 44.6289 80.2395 2.0 54.0 0 0 0 1 0 0 0 0 0 0
 44.6289 80.2395 2.0 54.0 1 0 0 0 0 0 0 0 0 0
 44.9326 76.015 2.0 63.0 0 0 1 0 0 0 0 0 0 0
 45.2723 40.7486 2.0 45.0 1 0 0 0 0 0 0 0 0 0
 45.4803 83.3996 2.0 9.0 0 0 0 0 0 0 0 0 0 0
 45.5676 75.3228 2.0 63.0 1 0 0 0 0 0 0 0 0 0
 45.6608 44.4148 2.0 27.0 1 0 0 0 0 0 0 0 0 0
 45.8202 47.5601 2.0 9.0 0 1 0 0 0 0 0 0 1 0
 46.0675 78.2425 2.0 63.0 0 0 1 0 0 0 0 0 0 0
 46.0739 78.0862 2.0 54.0 0 0 0 0 0 0 0 0 0 1
 46.3967 82.0073 2.0 45.0 1 0 0 0 0 0 0 0 0 0
 46.7026 77.5503 2.0 63.0 1 0 0 0 0 0 0 0 0 0
 46.9794 37.1329 2.0 0.0 1 0 0 0 0 1 0 0 0 0
 46.9794 44.6329 2.0 0.0 0 0 1 0 0 0 0 0 0 0
 46.9794 74.6329 2.0 0.0 0 0 1 0 0 0 1 0 0 0
 47.0401 42.5164 2.0 45.0 1 0 0 0 0 0 0 0 0 0
 47.2025 80.47 2.0 63.0 0 0 1 0 0 0 0 0 0 0
 47.5434 80.1087 2.0 54.0 0 0 0 0 0 0 0 0 0 1
 47.8376 79.7778 2.0 63.0 1 0 0 0 0 0 0 0 0 0
 47.8883 45.5498 2.0 27.0 0 0 1 0 0 0 0 0 0 0
 47.9495 83.7907 2.0 9.0 0 0 0 0 0 0 0 0 0 0
 48.1645 83.775 2.0 45.0 1 0 0 0 0 0 0 0 0 0
 48.3375 82.6975 2.0 63.0 0 0 1 0 0 0 0 0 0 0
 48.8078 44.2842 2.0 45.0 1 0 0 0 0 0 0 0 0 0
 48.9725 82.0053 2.0 63.0 1 0 0 0 0 0 0 0 0 0
 49.0128 82.1313 2.0 54.0 0 0 0 0 0 0 0 0 0 1
 49.4725 84.925 2.0 63.0 0 0 1 0 0 0 0 0 0 0
 49.4794 37.1329 2.0 0.0 1 0 0 0 0 1 0 0 0 0
 49.4794 44.6329 2.0 0.0 0 0 1 0 0 0 0 0 0 0
 49.4794 74.6329 2.0 0.0 0 0 1 0 0 0 1 0 0 0
 49.9322 85.5428 2.0 45.0 1 0 0 0 0 0 0 0 0 0
 50.1075 84.2329 2.0 63.0 1 0 0 0 0 0 0 0 0 0
 50.1159 46.6847 2.0 27.0 0 0 1 0 0 0 0 0 0 0
 50.4187 84.1817 2.0 9.0 0 0 0 0 0 0 0 0 0 0
 50.4823 84.1538 2.0 54.0 0 0 0 0 0 0 0 0 0 1
 50.5756 46.0519 2.0 45.0 0 0 1 0 0 0 0 0 0 0
 50.6074 87.1525 2.0 63.0 0 0 1 0 0 0 0 0 0 0
 51.1767 121.802 2.0 108.0 0 0 0 0 0 0 0 0 0 0
 51.1767 121.802 2.0 18.0 1 0 0 0 0 0 0 0 0 0
 51.1767 121.802 2.0 27.0 1 0 0 0 0 0 0 0 0 0
 51.1767 121.802 2.0 36.0 1 0 0 0 0 0 0 0 0 0
 51.1767 121.802 2.0 45.0 1 0 0 0 0 0 0 0 0 0
 51.1767 121.802 2.0 54.0 1 0 0 0 0 0 0 0 0 0
 51.1767 121.802 2.0 63.0 1 0 0 0 0 0 0 0 0 0
 51.1767 121.802 2.0 72.0 1 0 0 0 0 0 0 0 0 0
 51.1767 121.802 2.0 81.0 1 0 0 0 0 0 0 0 0 0
 51.1767 121.802 2.0 90.0 1 0 0 0 0 0 0 0 0 0
 51.1767 121.802 2.0 99.0 0 0 0 0 0 0 0 0 0 0
 51.2425 86.4604 2.0 63.0 1 0 0 0 0 0 0 0 0 0
 51.7 87.3106 2.0 45.0 1 0 0 0 0 0 0 0 0 0
 51.7424 89.3801 2.0 63.0 0 0 1 0 0 0 0 0 0 0
 51.9492 119.424 2.0 108.0 0 0 0 0 0 0 0 0 0 0
 51.9517 86.1764 2.0 54.0 0 0 0 0 0 0 0 0 0 1
 51.9794 37.1329 2.0 0.0 1 0 0 0 0 1 0 0 0 0
 51.9794 44.6329 2.0 0.0 1 0 0 0 0 1 0 0 0 0
 51.9794 74.6329 2.0 0.0 0 0 1 0 0 0 1 0 0 0
 52.3434 47.8197 2.0 27.0 0 0 1 0 0 0 0 0 0 0
 52.3434 47.8197 2.0 36.0 0 0 1 0 0 0 0 0 0 0
 52.7218 117.046 2.0 108.0 0 0 0 0 0 0 0 0 0 0
 52.8774 91.6076 2.0 63.0 0 0 1 0 0 0 0 0 0 0
 52.8879 84.5728 2.0 9.0 0 0 0 0 0 0 0 0 0 0
 53.4212 88.1989 2.0 54.0 0 0 0 0 0 0 0 0 0 1
 53.4678 89.0783 2.0 45.0 0 0 0 1 0 0 0 0 0 0
 53.47 85.3254 2.0 63.0 1 0 0 0 0 0 0 0 0 0
 53.4943 114.669 2.0 108.0 0 0 0 0 0 0 0 0 0 0
 53.6459 122.193 2.0 9.0 1 0 0 0 0 0 0 0 0 0
 54.0124 93.8351 2.0 63.0 0 0 1 0 0 0 0 0 0 0
 54.2669 112.291 2.0 108.0 0 0 0 0 0 0 0 0 0 0
 54.4794 102.133 2.0 0.0 1 0 0 0 0 1 0 0 0 0
 54.4794 104.633 2.0 0.0 1 0 0 0 0 1 0 0 0 0
 54.4794 107.133 2.0 0.0 1 0 0 0 0 1 0 0 0 0
 54.4794 109.633 2.0 0.0 1 0 0 0 0 1 0 0 0 0
 54.4794 112.133 2.0 0.0 1 0 0 0 0 1 0 0 0 0
 54.4794 114.633 2.0 0.0 1 0 0 0 0 1 0 0 0 0
 54.4794 37.1329 2.0 0.0 1 0 0 0 0 1 0 0 0 0
 54.4794 39.6329 2.0 0.0 1 0 0 0 0 1 0 0 0 0
 54.4794 42.1329 2.0 0.0 1 0 0 0 0 1 0 0 0 0
 54.4794 44.6329 2.0 0.0 1 0 0 0 0 1 0 0 0 0
 54.4794 74.6329 2.0 0.0 0 0 1 0 0 0 1 0 0 0
 54.4794 77.1329 2.0 0.0 0 0 1 0 0 0 1 0 0 0
 54.4794 79.6329 2.0 0.0 0 0 1 0 0 0 1 0 0 0
 54.4794 82.1329 2.0 0.0 0 0 1 0 0 0 1 0 0 0
 54.4794 84.6329 2.0 0.0 0 0 1 0 0 0 1 0 0 0
 54.4794 87.1329 2.0 0.0 1 0 0 0 0 1 0 0 0 0
 54.4794 89.6329 2.0 0.0 1 0 0 0 0 1 0 0 0 0
 54.4794 92.1329 2.0 0.0 1 0 0 0 0 1 0 0 0 0
 54.4794 94.6329 2.0 0.0 1 0 0 0 0 1 0 0 0 0
 54.4794 97.1329 2.0 0.0 1 0 0 0 0 1 0 0 0 0
 54.4794 99.6329 2.0 0.0 1 0 0 0 0 1 0 0 0 0
 54.8907 90.2215 2.0 54.0 0 0 0 0 0 0 0 0 0 1
 55.0394 109.914 2.0 108.0 0 0 0 0 0 0 0 0 0 0
 55.1473 96.0626 2.0 63.0 0 0 1 0 0 0 0 0 0 0
 55.2355 90.8461 2.0 45.0 0 0 0 1 0 0 0 0 0 0
 55.2355 90.8461 2.0 54.0 0 0 0 1 0 0 0 0 0 0
 55.2355 90.8461 2.0 63.0 0 0 0 1 0 0 0 0 0 0
 55.2355 90.8461 2.0 72.0 0 0 0 1 0 0 0 0 0 0
 55.3572 84.9639 2.0 9.0 0 0 0 0 0 0 0 0 0 0
 55.6266 100.815 2.0 90.0 0 1 0 0 0 0 0 0 0 0
 55.6266 103.315 2.0 90.0 0 1 0 0 0 0 0 0 0 0
 55.6266 105.815 2.0 90.0 0 1 0 0 0 0 0 0 0 0
 55.6266 108.315 2.0 90.0 0 1 0 0 0 0 0 0 0 0
 55.6266 110.815 2.0 90.0 0 1 0 0 0 0 0 0 0 0
 55.6266 113.315 2.0 63.0 0 1 0 1 0 0 0 0 0 0
 55.6266 113.315 2.0 72.0 0 1 0 0 0 0 0 0 0 0
 55.6266 113.315 2.0 81.0 0 1 0 0 0 0 0 0 0 0
 55.6266 113.315 2.0 90.0 0 1 0 0 0 0 0 0 0 0
 55.6266 93.3153 2.0 81.0 0 0 0 1 0 0 0 0 0 0
 55.6266 93.3153 2.0 81.0 0 1 0 0 0 0 0 0 0 0
 55.6266 95.8153 2.0 90.0 0 1 0 0 0 0 0 0 0 0
 55.6266 98.3153 2.0 90.0 0 1 0 0 0 0 0 0 0 0
 55.6975 84.1904 2.0 63.0 1 0 0 0 0 0 0 0 0 0
 55.8119 107.536 2.0 108.0 0 0 0 0 0 0 0 0 0 0
 56.1151 122.584 2.0 9.0 1 0 0 0 0 0 0 0 0 0
 56.2823 98.2901 2.0 63.0 0 0 1 0 0 0 0 0 0 0
 56.3601 92.244 2.0 54.0 0 0 0 0 0 0 0 0 0 1
 56.5845 105.158 2.0 108.0 0 0 0 0 0 0 0 0 0 0
 56.8325 86.4179 2.0 63.0 1 0 0 0 0 0 0 0 0 0
 56.9794 114.633 2.0 0.0 1 0 0 0 0 1 0 0 0 0
 57.0961 115.338 2.0 54.0 0 1 0 1 0 0 0 0 0 0
 57.357 102.781 2.0 108.0 0 0 0 0 0 0 0 0 0 0
 57.4173 100.518 2.0 63.0 0 0 1 0 0 0 0 0 0 0
 57.8264 85.355 2.0 9.0 0 0 0 0 0 0 0 0 0 0
 57.8296 94.2665 2.0 54.0 0 0 0 0 0 0 0 0 0 1
 57.8296 94.2665 2.0 63.0 0 0 0 0 0 0 0 0 0 1
 57.8296 94.2665 2.0 72.0 0 0 0 0 0 0 0 0 0 1
 57.9675 88.6454 2.0 63.0 1 0 0 0 0 0 0 0 0 0
 58.1296 100.403 2.0 108.0 0 0 0 0 0 0 0 0 0 0
 58.2207 96.7358 2.0 81.0 0 0 0 0 0 0 0 0 0 1
 58.5523 102.745 2.0 63.0 0 0 1 0 0 0 0 0 0 0
 58.5656 117.36 2.0 36.0 0 1 0 1 0 0 0 0 0 0
 58.5656 117.36 2.0 45.0 0 1 0 1 0 0 0 0 0 0
 58.5656 117.36 2.0 54.0 0 1 0 1 0 0 0 0 0 0
 58.5844 122.975 2.0 9.0 1 0 0 0 0 0 0 0 0 0
 58.6118 99.205 2.0 81.0 1 0 0 0 0 0 0 1 0 1
 58.9021 98.0254 2.0 108.0 0 0 0 0 0 0 0 0 0 0
 59.0029 101.674 2.0 81.0 1 0 0 0 0 0 0 1 0 1
 59.1025 90.873 2.0 63.0 0 0 1 0 0 0 0 0 0 0
 59.3939 104.143 2.0 81.0 1 0 0 0 0 0 0 1 0 1
 59.4794 114.633 2.0 0.0 1 0 0 0 0 1 0 0 0 0
 59.6746 95.6477 2.0 108.0 0 0 0 0 0 0 0 0 0 0
 59.6872 104.973 2.0 63.0 0 0 1 0 0 0 0 0 0 0
 59.785 106.613 2.0 81.0 1 0 0 0 0 0 0 1 0 1
 60.1761 109.082 2.0 81.0 1 0 0 0 0 0 0 1 0 1
 60.2374 93.1005 2.0 63.0 0 0 1 0 0 0 0 0 0 0
 60.2956 85.7461 2.0 9.0 0 0 0 0 0 0 0 0 0 0
 60.4472 93.2701 2.0 108.0 0 0 0 0 0 0 0 0 0 0
 60.5672 111.551 2.0 81.0 1 0 0 0 0 0 0 1 0 1
 60.7931 118.495 2.0 27.0 0 1 0 1 0 0 0 0 0 0
 60.8222 107.2 2.0 63.0 0 0 1 0 0 0 0 0 0 0
 60.9583 114.02 2.0 81.0 1 0 0 0 0 0 0 1 0 1
 61.0536 123.366 2.0 9.0 1 0 0 0 0 0 0 0 0 0
 61.2197 90.8924 2.0 108.0 0 0 0 0 0 0 0 0 0 0
 61.3494 116.49 2.0 81.0 1 0 0 0 0 0 0 1 0 1
 61.3724 95.328 2.0 63.0 0 0 1 0 0 0 0 0 0 0
 61.7405 118.959 2.0 81.0 1 0 0 0 0 0 0 1 0 1
 61.9572 109.428 2.0 63.0 0 0 1 0 0 0 0 0 0 0
 61.9794 114.633 2.0 0.0 1 0 0 0 0 1 0 0 0 0
 61.9923 88.5148 2.0 108.0 0 0 0 0 0 0 0 0 0 0
 62.1316 121.428 2.0 18.0 1 0 0 0 0 0 0 1 0 1
 62.1316 121.428 2.0 27.0 1 0 0 0 0 0 0 1 0 1
 62.1316 121.428 2.0 36.0 1 0 0 0 0 0 0 1 0 1
 62.1316 121.428 2.0 45.0 1 0 0 0 0 0 0 1 0 1
 62.1316 121.428 2.0 54.0 1 0 0 0 0 0 0 1 0 1
 62.1316 121.428 2.0 63.0 1 0 0 0 0 0 0 1 0 1
 62.1316 121.428 2.0 72.0 1 0 0 0 0 0 0 1 0 1
 62.1316 121.428 2.0 81.0 1 0 0 0 0 0 0 1 0 1
 62.5074 97.5555 2.0 63.0 0 0 1 0 0 0 0 0 0 0
 62.5498 103.146 2.0 63.0 0 0 1 0 0 0 0 0 0 0
 62.7648 86.1372 2.0 18.0 0 0 0 0 0 0 0 0 0 0
 62.7648 86.1372 2.0 27.0 0 0 0 0 0 0 0 0 0 0
 62.7648 86.1372 2.0 36.0 0 0 0 0 0 0 0 0 0 0
 62.7648 86.1372 2.0 45.0 0 0 0 0 0 0 0 0 0 0
 62.7648 86.1372 2.0 54.0 0 0 0 0 0 0 0 0 0 0
 62.7648 86.1372 2.0 63.0 0 0 0 0 0 0 0 0 0 0
 62.7648 86.1372 2.0 72.0 0 0 0 0 0 0 0 0 0 0
 62.7648 86.1372 2.0 81.0 0 0 0 0 0 0 0 0 0 0
 62.7648 86.1372 2.0 9.0 0 0 0 0 0 0 0 0 0 0
 62.7648 86.1372 2.0 90.0 0 0 0 0 0 0 0 0 0 0
 62.7648 86.1372 2.0 99.0 0 0 0 0 0 0 0 0 0 0
 63.0206 119.63 2.0 27.0 0 1 0 1 0 0 0 0 0 0
 63.0922 111.655 2.0 63.0 0 0 1 0 0 0 0 0 0 0
 63.5228 123.757 2.0 9.0 1 0 0 0 0 0 0 0 0 0
 63.6424 99.783 2.0 63.0 0 0 1 0 0 0 0 0 0 0
 63.6848 105.373 2.0 63.0 0 0 0 0 0 0 0 0 0 0
 64.2271 113.883 2.0 63.0 0 0 1 0 0 0 0 0 0 0
 64.4794 114.633 2.0 0.0 0 0 0 0 0 0 1 0 0 0
 64.6008 121.819 2.0 9.0 1 0 0 0 0 0 0 1 0 1
 64.7773 102.011 2.0 63.0 0 0 1 0 0 0 0 0 0 0
 64.8198 107.601 2.0 63.0 0 0 0 0 0 0 0 0 0 0
 65.2481 120.765 2.0 27.0 0 0 0 1 0 0 0 0 0 0
 65.2481 120.765 2.0 27.0 0 1 0 1 0 0 0 0 0 0
 65.3621 116.11 2.0 63.0 0 0 1 0 0 0 0 0 0 0
 65.9547 109.828 2.0 63.0 0 0 0 0 0 0 0 0 0 0
 65.992 124.148 2.0 9.0 1 0 0 0 0 0 0 0 0 0
 66.4971 118.338 2.0 63.0 0 0 1 0 0 0 0 0 0 0
 66.9794 114.633 2.0 0.0 0 0 0 0 0 0 1 0 0 0
 67.07 122.21 2.0 9.0 1 0 0 0 0 0 0 1 0 1
 67.0897 112.056 2.0 63.0 0 0 0 0 0 0 0 0 0 0
 67.6258 121.538 2.0 18.0 0 0 0 1 0 0 0 0 0 0
 67.6321 120.565 2.0 63.0 0 0 1 0 0 0 0 0 0 0
 68.2247 114.283 2.0 63.0 0 0 0 0 0 0 0 0 0 0
 68.4612 124.539 2.0 9.0 1 0 0 0 0 0 0 0 0 0
 68.7671 122.793 2.0 0.0 0 0 0 0 1 0 0 0 0 0
 68.7671 122.793 2.0 18.0 0 0 0 0 1 0 0 0 0 0
 68.7671 122.793 2.0 27.0 0 0 0 0 1 0 0 0 0 0
 68.7671 122.793 2.0 36.0 0 0 0 0 1 0 0 0 0 0
 68.7671 122.793 2.0 45.0 0 0 0 0 1 0 0 0 0 0
 68.7671 122.793 2.0 54.0 0 0 0 0 1 0 0 0 0 0
 68.7671 122.793 2.0 63.0 0 0 1 0 0 0 0 0 0 0
 68.7671 122.793 2.0 9.0 0 0 0 0 1 0 0 0 0 0
 69.3597 116.511 2.0 18.0 0 0 0 0 0 0 0 0 0 0
 69.3597 116.511 2.0 27.0 0 0 0 0 0 0 0 0 0 0
 69.3597 116.511 2.0 36.0 0 0 0 0 0 0 0 0 0 0
 69.3597 116.511 2.0 45.0 0 0 0 0 0 0 0 0 0 0
 69.3597 116.511 2.0 54.0 0 0 0 0 0 0 0 0 0 0
 69.3597 116.511 2.0 63.0 0 0 0 0 0 0 0 0 0 0
 69.4794 114.633 2.0 0.0 0 0 0 0 0 0 1 0 0 0
 69.5392 122.601 2.0 9.0 0 1 0 0 0 0 0 0 0 1
 70.0034 122.31 2.0 18.0 0 0 0 1 0 0 0 0 0 0
 70.9305 124.93 2.0 9.0 1 0 0 0 0 0 0 0 0 0
 71.2363 123.184 2.0 9.0 0 0 0 0 1 0 0 0 0 0
 71.8289 116.902 2.0 9.0 0 0 0 0 0 0 0 0 0 0
 71.9794 114.633 2.0 0.0 0 0 0 0 0 0 1 0 0 0
 72.0084 122.992 2.0 9.0 0 1 0 0 0 0 0 0 0 1
 72.381 123.083 2.0 18.0 0 0 0 1 0 0 0 0 0 0
 73.3997 125.321 2.0 9.0 0 0 0 1 0 0 0 0 0 0
 73.7055 123.575 2.0 9.0 0 0 1 0 0 0 0 0 0 0
 74.2981 117.293 2.0 9.0 0 0 0 0 0 0 0 0 0 0
 74.4777 123.383 2.0 9.0 0 1 0 0 0 0 0 0 0 1
 74.4794 114.633 2.0 0.0 0 0 0 0 0 0 1 0 0 0
 74.7587 123.856 2.0 18.0 0 0 0 1 0 0 0 0 0 0
 75.8689 125.713 2.0 9.0 0 0 0 1 0 0 0 0 0 0
 76.1747 123.966 2.0 9.0 0 0 1 0 0 0 0 0 0 0
 76.7673 117.684 2.0 9.0 0 0 0 0 0 0 0 0 0 0
 76.9469 123.774 2.0 9.0 0 1 0 0 0 0 0 0 0 1
 76.9794 114.633 2.0 0.0 0 0 0 0 0 0 1 0 0 0
 77.1363 124.628 2.0 18.0 0 0 0 1 0 0 0 0 0 0
 78.3381 126.104 2.0 9.0 0 0 0 1 0 0 0 0 0 0
 78.6747 123.966 2.0 0.0 0 0 1 0 0 0 0 0 0 0
 79.2366 118.075 2.0 9.0 0 0 0 0 0 0 0 0 0 0
 79.4161 124.166 2.0 9.0 0 1 0 0 0 0 0 0 0 1
 79.4794 114.633 2.0 0.0 0 0 0 0 0 0 1 0 0 0
 79.6055 125.019 2.0 9.0 0 0 0 1 0 0 0 0 0 0
 80.8074 126.495 2.0 9.0 0 0 0 1 0 0 0 0 0 0
 81.1747 123.966 2.0 0.0 1 0 0 0 1 0 0 0 0 0
 81.7058 118.466 2.0 9.0 0 0 0 0 0 0 0 0 0 0
 81.8853 124.557 2.0 9.0 0 1 0 0 0 0 0 0 0 1
 81.9794 114.633 2.0 0.0 0 0 0 0 0 0 1 0 0 0
 82.0748 125.41 2.0 9.0 1 0 0 0 0 0 0 0 0 0
 83.2766 126.886 2.0 9.0 0 0 0 1 0 0 0 0 0 0
 83.6747 123.966 2.0 0.0 1 0 0 0 1 0 0 0 0 0
 84.175 118.857 2.0 9.0 0 0 0 0 0 0 0 0 0 0
 84.3546 124.948 2.0 9.0 0 1 0 0 0 0 0 0 0 1
 84.4794 114.633 2.0 0.0 0 0 0 0 0 0 1 0 0 0
 84.544 125.801 2.0 9.0 1 0 0 0 0 0 0 0 0 0
 85.7458 127.277 2.0 9.0 0 0 0 1 0 0 0 0 0 0
 86.1747 123.966 2.0 0.0 1 0 0 0 1 0 0 0 0 0
 86.6442 119.248 2.0 9.0 0 0 0 0 0 0 0 0 0 0
 86.8238 125.339 2.0 9.0 0 1 0 0 0 0 0 0 0 1
 86.9794 114.633 2.0 0.0 0 0 0 0 0 0 1 0 0 0
 87.0132 126.192 2.0 9.0 1 0 0 0 0 0 0 0 0 0
 88.2458 127.277 2.0 0.0 0 0 0 1 0 0 0 0 0 0
 88.2458 127.277 2.0 0.0 0 1 0 0 0 0 0 0 0 0
 88.2458 127.277 2.0 333.0 0 1 0 0 0 0 0 0 0 0
 88.2458 127.277 2.0 342.0 0 1 0 0 0 0 0 0 0 0
 88.2458 127.277 2.0 351.0 0 1 0 0 0 0 0 0 0 0
 88.2458 127.277 2.0 9.0 0 1 0 0 0 0 0 0 0 0
 88.6747 123.966 2.0 0.0 1 0 0 0 1 0 0 0 0 0
 89.1135 119.639 2.0 9.0 0 0 0 0 0 0 0 0 0 0
 89.293 125.73 2.0 9.0 0 1 0 0 0 0 0 0 0 1
 89.4794 114.633 2.0 0.0 0 0 0 0 0 0 1 0 0 0
 89.4824 126.584 2.0 9.0 1 0 0 0 0 0 0 0 0 0
 90.2683 125.807 2.0 324.0 0 1 0 0 0 0 0 0 0 0
 91.1747 123.966 2.0 0.0 1 0 0 0 1 0 0 0 0 0
 91.5827 120.03 2.0 9.0 0 0 0 0 0 0 0 0 0 0
 91.7622 126.121 2.0 9.0 0 1 0 0 0 0 0 0 0 1
 91.9517 126.975 2.0 9.0 1 0 0 0 0 0 0 0 0 0
 91.9794 114.633 2.0 0.0 0 0 0 0 0 0 1 0 0 0
 92.2909 124.338 2.0 324.0 0 1 0 0 0 0 0 0 0 0
 92.655 146.189 2.0 99.0 0 1 1 0 1 0 0 0 0 0
 93.0461 143.72 2.0 99.0 0 1 1 0 1 0 0 0 0 0
 93.4372 141.251 2.0 99.0 0 1 1 0 1 0 0 0 0 0
 93.6747 123.966 2.0 0.0 1 0 0 0 1 0 0 0 0 0
 93.8282 138.781 2.0 99.0 0 1 1 0 1 0 0 0 0 0
 94.0519 120.421 2.0 9.0 0 0 0 0 0 0 0 0 0 0
 94.2193 136.312 2.0 99.0 0 1 1 0 1 0 0 0 0 0
 94.2315 126.512 2.0 9.0 0 1 0 0 0 0 0 0 0 1
 94.3134 122.869 2.0 324.0 0 1 0 0 0 0 0 0 0 0
 94.4209 127.366 2.0 18.0 0 0 0 1 0 0 0 0 0 0
 94.4209 127.366 2.0 27.0 0 0 0 1 0 0 0 0 0 0
 94.4209 127.366 2.0 36.0 0 0 0 1 0 0 0 0 0 0
 94.4209 127.366 2.0 45.0 0 0 0 1 0 0 0 0 0 0
 94.4209 127.366 2.0 54.0 0 0 0 1 0 0 0 0 0 0
 94.4209 127.366 2.0 63.0 0 0 0 1 0 0 0 0 0 0
 94.4209 127.366 2.0 9.0 0 0 0 1 0 0 0 0 0 0
 94.4209 127.366 2.0 9.0 1 0 0 0 0 0 0 0 0 0
 94.4794 114.633 2.0 0.0 1 0 0 0 0 1 0 0 0 0
 94.4794 117.133 2.0 0.0 1 0 0 0 0 1 0 0 0 0
 94.4794 119.633 2.0 0.0 1 0 0 0 0 1 0 0 0 0
 94.4794 122.133 2.0 0.0 1 0 0 0 0 1 0 0 0 0
 94.4794 124.633 2.0 0.0 1 0 0 0 0 1 0 0 0 0
 94.4794 127.133 2.0 0.0 1 0 0 0 0 1 0 0 0 0
 94.4794 129.633 2.0 0.0 1 0 0 0 0 1 0 0 0 0
 94.4794 132.133 2.0 0.0 1 0 0 0 0 1 0 0 0 0
 94.4794 134.633 2.0 0.0 1 0 0 0 0 1 0 0 0 0
 94.6104 133.843 2.0 99.0 0 1 1 0 1 0 0 0 0 0
 95.0015 131.374 2.0 99.0 0 1 1 0 1 0 0 0 0 0
 95.1242 146.58 2.0 99.0 0 1 0 0 0 0 0 0 0 0
 95.1934 129.743 2.0 72.0 0 0 0 1 0 0 0 0 0 0
 95.3923 158.383 2.0 18.0 0 0 0 0 0 0 0 0 0 0
 95.3926 128.904 2.0 99.0 0 1 1 0 1 0 0 0 0 0
 95.638 159.317 2.0 27.0 0 1 0 0 0 0 0 0 0 0
 95.638 159.317 2.0 36.0 0 1 0 0 0 0 0 0 0 0
 95.638 159.317 2.0 45.0 0 1 0 0 0 0 0 0 0 0
 95.638 159.317 2.0 54.0 0 1 0 0 0 0 0 0 0 0
 95.638 159.317 2.0 63.0 0 1 0 0 0 0 0 0 0 0
 95.638 159.317 2.0 72.0 0 1 0 0 0 0 0 0 0 0
 95.638 159.317 2.0 81.0 0 1 0 0 0 0 0 0 0 0
 95.638 159.317 2.0 90.0 0 1 0 0 0 0 0 0 0 0
 95.638 159.317 2.0 99.0 0 1 0 0 0 0 0 0 0 0
 95.7837 126.435 2.0 99.0 0 1 1 0 1 0 0 0 0 0
 95.966 132.121 2.0 72.0 0 0 0 1 0 0 0 0 0 0
 96.0291 156.848 2.0 99.0 0 1 0 0 0 0 0 0 0 0
 96.1649 156.005 2.0 18.0 0 0 0 0 0 0 0 0 0 0
 96.1747 123.966 2.0 0.0 1 0 0 0 1 0 0 0 0 0
 96.1747 123.966 2.0 18.0 1 0 0 0 1 0 0 0 0 0
 96.1747 123.966 2.0 27.0 1 0 0 0 1 0 0 0 0 0
 96.1747 123.966 2.0 36.0 0 1 1 0 1 0 0 0 0 0
 96.1747 123.966 2.0 45.0 0 1 1 0 1 0 0 0 0 0
 96.1747 123.966 2.0 54.0 0 1 1 0 1 0 0 0 0 0
 96.1747 123.966 2.0 63.0 0 1 1 0 1 0 0 0 0 0
 96.1747 123.966 2.0 72.0 0 1 1 0 1 0 0 0 0 0
 96.1747 123.966 2.0 81.0 0 1 1 0 1 0 0 0 0 0
 96.1747 123.966 2.0 9.0 1 0 0 0 1 0 0 0 0 0
 96.1747 123.966 2.0 90.0 0 1 1 0 1 0 0 0 0 0
 96.336 121.399 2.0 324.0 0 1 0 0 0 0 0 0 0 0
 96.4202 154.379 2.0 99.0 0 1 0 0 0 0 0 0 0 0
 96.5211 120.813 2.0 9.0 0 0 0 0 0 0 0 0 0 0
 96.7007 126.903 2.0 9.0 0 1 0 0 0 0 0 0 0 1
 96.8113 151.91 2.0 99.0 0 1 0 0 0 0 0 0 0 0
 96.9374 153.628 2.0 18.0 0 0 0 0 0 0 0 0 0 0
 96.9794 134.633 2.0 0.0 1 0 0 0 0 1 0 0 0 0
 96.9794 137.133 2.0 0.0 1 0 0 0 0 1 0 0 0 0
 96.9794 139.633 2.0 0.0 1 0 0 0 0 1 0 0 0 0
 96.9794 142.133 2.0 0.0 1 0 0 0 0 1 0 0 0 0
 96.9794 144.633 2.0 0.0 1 0 0 0 0 1 0 0 0 0
 96.9794 147.133 2.0 0.0 1 0 0 0 0 1 0 0 0 0
 96.9794 149.633 2.0 0.0 0 0 0 0 0 0 0 0 0 0
 96.9794 152.133 2.0 0.0 0 0 0 0 0 0 0 0 0 0
 97.1009 134.348 2.0 63.0 0 0 0 1 0 0 0 0 0 0
 97.2024 149.44 2.0 99.0 0 1 0 0 0 0 0 0 0 0
 97.5934 146.971 2.0 99.0 0 1 0 0 0 0 0 0 0 0
 97.71 151.25 2.0 18.0 0 0 0 0 0 0 0 0 0 0
 97.77 159.156 2.0 18.0 0 0 0 0 0 0 0 0 0 0
 98.0157 160.09 2.0 18.0 0 1 0 0 0 0 0 0 0 0
 98.2359 136.576 2.0 63.0 0 0 0 1 0 0 0 0 0 0
 98.3309 141.348 2.0 9.0 0 0 0 0 0 0 0 0 0 0
 98.3585 119.93 2.0 324.0 0 1 0 0 0 0 0 0 0 0
 98.4825 148.872 2.0 18.0 0 0 0 0 0 0 0 0 0 0
 98.722 138.879 2.0 9.0 0 0 0 0 0 0 0 0 0 0
 98.9904 121.204 2.0 9.0 0 0 0 0 0 0 0 0 0 0
 99.1131 136.41 2.0 9.0 0 0 0 0 0 0 0 0 0 0
 99.1699 127.294 2.0 9.0 0 1 0 0 0 0 0 0 0 1
 99.2551 146.495 2.0 18.0 0 0 0 0 0 0 0 0 0 0
 99.3709 138.804 2.0 36.0 0 0 0 0 0 0 0 0 0 0
 99.3709 138.804 2.0 45.0 0 0 0 0 0 0 0 0 0 0
 99.3709 138.804 2.0 54.0 0 0 0 0 0 0 0 0 0 0
 99.3709 138.804 2.0 54.0 0 0 0 1 0 0 0 0 0 0
 99.3709 138.804 2.0 63.0 0 0 0 0 0 0 0 0 0 0
 99.3709 138.804 2.0 63.0 0 0 0 1 0 0 0 0 0 0
 99.3709 138.804 2.0 72.0 0 0 0 1 0 0 0 0 0 0
 99.4794 152.133 2.0 0.0 0 0 0 0 0 0 0 0 0 0
 99.5042 133.941 2.0 9.0 0 0 0 0 0 0 0 0 0 0
 99.762 141.273 2.0 81.0 0 0 0 1 0 0 0 0 0 0
 99.8952 131.472 2.0 9.0 0 0 0 0 0 0 0 0 0 0
 100.028 144.117 2.0 18.0 0 0 0 0 0 0 0 0 0 0
 100.148 159.928 2.0 18.0 0 0 0 0 0 0 0 0 0 0
 100.153 143.742 2.0 81.0 0 1 0 0 0 0 0 0 0 0
 100.286 129.002 2.0 9.0 0 0 0 0 0 0 0 0 0 0
 100.381 118.46 2.0 324.0 0 1 0 0 0 0 0 0 0 0
 100.485 160.481 2.0 9.0 0 1 0 0 0 0 0 0 0 0
 100.544 146.211 2.0 81.0 0 1 0 0 0 0 0 0 0 0
 100.677 126.533 2.0 9.0 0 0 0 0 0 0 0 0 0 0
 100.8 141.74 2.0 9.0 0 0 0 0 0 0 0 0 0 0
 100.935 148.68 2.0 81.0 0 1 0 0 0 0 0 0 0 0
 101.068 124.064 2.0 9.0 0 0 0 0 0 0 0 0 0 0
 101.326 151.15 2.0 81.0 0 1 0 0 0 0 0 0 0 0
 101.46 121.595 2.0 9.0 0 0 0 0 0 0 0 0 0 0
 101.639 127.685 2.0 18.0 0 1 0 0 0 0 0 0 0 1
 101.639 127.685 2.0 27.0 0 1 0 0 0 0 0 0 0 1
 101.639 127.685 2.0 36.0 0 1 0 0 0 0 0 0 0 1
 101.639 127.685 2.0 45.0 0 1 0 0 0 0 0 0 0 1
 101.639 127.685 2.0 54.0 0 1 0 0 0 0 0 0 0 1
 101.639 127.685 2.0 63.0 0 1 0 0 0 0 0 0 0 1
 101.639 127.685 2.0 72.0 0 1 0 0 0 0 0 0 0 1
 101.639 127.685 2.0 81.0 0 1 0 0 0 0 0 0 0 1
 101.639 127.685 2.0 9.0 0 1 0 0 0 0 0 0 0 1
 101.639 130.185 2.0 90.0 0 1 0 0 0 0 0 0 0 1
 101.639 132.685 2.0 90.0 0 1 0 0 0 0 0 0 0 1
 101.639 135.185 2.0 90.0 0 1 0 0 0 0 0 0 0 1
 101.639 137.685 2.0 90.0 0 1 0 0 0 0 0 0 0 1
 101.639 140.185 2.0 90.0 0 1 0 0 0 0 0 0 0 1
 101.639 142.685 2.0 90.0 0 1 0 0 0 0 0 0 0 1
 101.639 145.185 2.0 90.0 0 1 0 0 0 0 0 0 0 1
 101.639 147.685 2.0 90.0 0 1 0 0 0 0 0 0 0 1
 101.639 150.185 2.0 90.0 0 1 0 0 0 0 0 0 0 1
 101.639 152.685 2.0 90.0 0 1 0 0 0 0 0 0 0 1
 101.639 155.185 2.0 90.0 0 1 0 0 0 0 0 0 0 1
 101.639 157.685 2.0 90.0 0 1 0 0 0 0 0 0 0 1
 101.639 160.185 2.0 18.0 0 1 0 0 0 0 0 0 0 1
 101.639 160.185 2.0 27.0 0 1 0 0 0 0 0 0 0 1
 101.639 160.185 2.0 36.0 0 1 0 0 0 0 0 0 0 1
 101.639 160.185 2.0 45.0 0 1 0 0 0 0 0 0 0 1
 101.639 160.185 2.0 54.0 0 1 0 0 0 0 0 0 0 1
 101.639 160.185 2.0 63.0 0 1 0 0 0 0 0 0 0 1
 101.639 160.185 2.0 72.0 0 1 0 0 0 0 0 0 0 1
 101.639 160.185 2.0 81.0 0 1 0 0 0 0 0 0 0 1
 101.639 160.185 2.0 90.0 0 1 0 0 0 0 0 0 0 1
 101.717 153.619 2.0 81.0 0 1 0 0 0 0 0 0 0 0
 101.979 152.133 2.0 0.0 0 0 0 0 0 0 0 0 0 0
 101.979 154.633 2.0 0.0 0 0 0 0 0 0 0 0 0 0
 102.108 156.088 2.0 54.0 0 0 1 0 0 0 0 0 0 0
 102.108 156.088 2.0 63.0 0 0 1 0 0 0 0 0 0 0
 102.108 156.088 2.0 72.0 0 1 0 0 0 0 0 0 0 0
 102.108 156.088 2.0 81.0 0 1 0 0 0 0 0 0 0 0
 102.404 116.991 2.0 324.0 0 1 0 0 0 0 0 0 0 0
 102.525 160.701 2.0 18.0 0 0 0 0 0 0 0 0 0 0
 102.954 160.872 2.0 9.0 0 1 0 0 0 0 0 0 0 0
 103.797 165.213 2.0 18.0 0 0 1 0 0 0 0 1 0 1
 103.797 165.213 2.0 27.0 0 0 1 0 0 0 0 1 0 1
 103.797 165.213 2.0 36.0 0 0 1 0 0 0 0 1 0 1
 103.797 165.213 2.0 45.0 0 0 1 0 0 0 0 1 0 1
 103.797 165.213 2.0 54.0 0 0 1 0 0 0 0 1 0 1
 103.797 165.213 2.0 63.0 0 0 1 0 0 0 0 1 0 1
 103.797 165.213 2.0 72.0 0 0 1 0 0 0 0 1 0 1
 103.797 165.213 2.0 81.0 0 0 1 0 0 0 0 1 0 1
 103.797 165.213 2.0 9.0 0 0 1 0 0 0 0 1 0 1
 103.797 165.213 2.0 90.0 0 0 1 0 0 0 0 1 0 1
 103.797 165.213 2.0 99.0 0 0 1 0 0 0 0 1 0 1
 103.876 157.856 2.0 45.0 0 0 1 0 0 0 0 0 0 0
 104.108 160.576 2.0 9.0 0 1 0 0 0 0 0 0 0 1
 104.189 162.744 2.0 99.0 0 0 1 0 0 0 0 1 0 1
 104.426 115.521 2.0 18.0 0 1 0 0 0 0 0 0 0 0
 104.426 115.521 2.0 27.0 0 1 0 0 0 0 0 0 0 0
 104.426 115.521 2.0 324.0 0 1 0 0 0 0 0 0 0 0
 104.426 115.521 2.0 333.0 0 1 0 0 0 0 0 0 0 0
 104.426 115.521 2.0 342.0 0 1 0 0 0 0 0 0 0 0
 104.426 115.521 2.0 351.0 0 1 0 0 0 0 0 0 0 0
 104.426 115.521 2.0 36.0 0 1 0 0 0 0 0 0 0 0
 104.426 115.521 2.0 360.0 0 1 0 0 0 0 0 0 0 0
 104.426 115.521 2.0 45.0 0 1 0 0 0 0 0 0 0 0
 104.426 115.521 2.0 54.0 0 1 0 0 0 0 0 0 0 0
 104.426 115.521 2.0 63.0 0 1 0 0 0 0 0 0 0 0
 104.426 115.521 2.0 72.0 0 1 0 0 0 0 0 0 0 0
 104.426 115.521 2.0 81.0 0 1 0 0 0 0 0 0 0 0
 104.426 115.521 2.0 9.0 0 1 0 0 0 0 0 0 0 0
 104.426 118.021 2.0 90.0 0 1 0 0 0 0 0 0 0 0
 104.426 120.521 2.0 90.0 0 1 0 0 0 0 0 0 0 0
 104.426 123.021 2.0 90.0 1 0 0 0 0 0 0 0 0 0
 104.426 125.521 2.0 90.0 1 0 0 0 0 0 0 0 0 0
 104.426 128.021 2.0 90.0 1 0 0 0 0 0 0 0 0 0
 104.426 130.521 2.0 90.0 1 0 0 0 0 0 0 0 0 0
 104.426 133.021 2.0 90.0 1 0 0 0 0 0 0 0 0 0
 104.426 135.521 2.0 90.0 1 0 0 0 0 0 0 0 0 0
 104.426 138.021 2.0 90.0 1 0 0 0 0 0 0 0 0 0
 104.426 140.521 2.0 18.0 1 0 0 0 0 0 0 0 0 0
 104.426 140.521 2.0 27.0 1 0 0 0 0 0 0 0 0 0
 104.426 140.521 2.0 36.0 1 0 0 0 0 0 0 0 0 0
 104.426 140.521 2.0 45.0 1 0 0 0 0 0 0 0 0 0
 104.426 140.521 2.0 54.0 1 0 0 0 0 0 0 0 0 0
 104.426 140.521 2.0 63.0 1 0 0 0 0 0 0 0 0 0
 104.426 140.521 2.0 72.0 1 0 0 0 0 0 0 0 0 0
 104.426 140.521 2.0 81.0 1 0 0 0 0 0 0 0 0 0
 104.426 140.521 2.0 9.0 1 0 0 0 0 0 0 0 0 0
 104.426 140.521 2.0 90.0 1 0 0 0 0 0 0 0 0 0
 104.479 154.633 2.0 0.0 0 0 0 0 0 0 0 0 0 0
 104.58 160.275 2.0 99.0 0 0 1 0 0 0 0 1 0 1
 104.903 161.473 2.0 18.0 0 0 0 0 0 0 0 0 0 0
 104.971 157.806 2.0 99.0 0 0 1 0 0 0 0 1 0 1
 105.362 155.337 2.0 99.0 0 0 1 0 0 0 0 1 0 1
 105.423 161.263 2.0 9.0 0 1 0 0 0 0 0 0 0 0
 105.644 159.624 2.0 45.0 0 0 1 0 0 0 0 0 0 0
 105.753 152.867 2.0 99.0 0 0 1 0 0 0 0 1 0 1
 106.144 150.398 2.0 99.0 0 0 1 0 0 0 0 1 0 1
 106.297 165.213 2.0 0.0 0 0 1 0 0 0 0 1 0 1
 106.535 147.929 2.0 99.0 0 0 1 0 0 0 0 1 0 1
 106.578 160.967 2.0 9.0 0 1 0 0 0 0 0 0 0 1
 106.926 140.521 2.0 0.0 1 0 0 0 0 0 0 0 0 0
 106.926 140.521 2.0 18.0 1 0 0 0 0 0 0 0 0 0
 106.926 140.521 2.0 27.0 0 1 0 0 0 0 0 0 0 0
 106.926 140.521 2.0 36.0 0 1 0 0 0 0 0 0 0 0
 106.926 140.521 2.0 45.0 0 1 0 0 0 0 0 0 0 0
 106.926 140.521 2.0 54.0 0 1 0 0 0 0 0 0 0 0
 106.926 140.521 2.0 63.0 0 1 0 0 0 0 0 0 0 0
 106.926 140.521 2.0 72.0 0 1 0 0 0 0 0 0 0 0
 106.926 140.521 2.0 9.0 1 0 0 0 0 0 0 0 0 0
 106.926 145.46 2.0 99.0 0 0 1 0 0 0 0 1 0 1
 106.979 154.633 2.0 0.0 0 0 0 0 0 0 0 0 0 0
 107.281 162.246 2.0 18.0 0 0 0 0 0 0 0 0 0 0
 107.317 142.99 2.0 81.0 0 1 0 0 0 0 0 0 0 0
 107.317 142.99 2.0 90.0 0 1 0 0 0 0 0 0 0 0
 107.412 161.391 2.0 18.0 0 0 1 0 0 0 0 0 0 0
 107.412 161.391 2.0 27.0 0 0 1 0 0 0 0 0 0 0
 107.412 161.391 2.0 36.0 0 0 1 0 0 0 0 0 0 0
 107.412 161.391 2.0 45.0 0 0 1 0 0 0 0 0 0 0
 107.893 161.654 2.0 9.0 0 1 0 0 0 0 0 0 0 0
 108.797 165.213 2.0 0.0 0 0 1 0 0 0 0 1 0 1
 109.047 161.359 2.0 9.0 0 1 0 0 0 0 0 0 0 1
 109.479 154.633 2.0 0.0 0 0 0 0 0 0 0 0 0 0
 109.658 163.018 2.0 18.0 0 0 0 0 0 0 0 0 0 0
 109.881 161.782 2.0 9.0 0 0 1 0 0 0 0 0 0 0
 110.362 162.045 2.0 9.0 0 1 0 0 0 0 0 0 0 0
 111.297 165.213 2.0 0.0 0 0 1 0 0 0 0 1 0 1
 111.516 161.75 2.0 9.0 0 1 0 0 0 0 0 0 0 1
 111.979 154.633 2.0 0.0 0 0 0 0 0 0 0 0 0 0
 112.036 163.791 2.0 18.0 0 0 0 0 0 0 0 0 0 0
 112.35 162.174 2.0 9.0 0 0 1 0 0 0 0 0 0 0
 112.831 162.436 2.0 9.0 0 1 0 0 0 0 0 0 0 0
 113.797 165.213 2.0 0.0 0 0 1 0 0 0 0 1 0 1
 114.016 161.75 2.0 0.0 0 1 0 0 0 0 0 0 0 1
 114.413 164.563 2.0 18.0 0 0 0 0 0 0 0 0 0 0
 114.479 154.633 2.0 0.0 0 0 0 0 0 0 0 0 0 0
 114.819 162.565 2.0 9.0 0 0 1 0 0 0 0 0 0 0
 115.3 162.827 2.0 9.0 0 1 0 0 0 0 0 0 0 0
 116.297 165.213 2.0 0.0 0 0 1 0 0 0 0 1 0 1
 116.516 161.75 2.0 0.0 0 1 0 0 0 0 0 0 0 1
 116.791 165.336 2.0 18.0 0 0 0 0 0 0 0 0 0 0
 116.979 154.633 2.0 0.0 0 0 0 0 0 0 0 0 0 0
 116.979 157.133 2.0 0.0 0 0 0 0 0 0 0 0 0 0
 117.289 162.956 2.0 9.0 0 0 1 0 0 0 0 0 0 0
 117.564 162.958 2.0 18.0 0 0 0 0 0 0 0 0 0 0
 117.769 163.219 2.0 9.0 0 1 0 0 0 0 0 0 0 0
 118.336 160.581 2.0 18.0 0 0 0 0 0 0 0 0 0 0
 118.797 165.213 2.0 0.0 0 0 1 0 0 0 0 1 0 1
 119.016 161.75 2.0 0.0 0 1 0 0 0 0 0 0 0 1
 119.109 158.203 2.0 18.0 0 0 0 0 0 0 0 0 0 0
 119.479 157.133 2.0 0.0 0 0 0 0 0 0 0 0 0 0
 119.758 163.347 2.0 9.0 0 0 1 0 0 0 0 0 0 0
 119.881 155.825 2.0 18.0 0 0 0 0 0 0 0 0 0 0
 120.239 163.61 2.0 9.0 0 1 0 0 0 0 0 0 0 0
 120.654 153.448 2.0 18.0 0 0 0 0 0 0 0 0 0 0
 121.297 165.213 2.0 0.0 0 0 1 0 0 0 0 1 0 1
 121.516 161.75 2.0 0.0 0 1 0 0 0 0 0 0 0 1
 121.979 157.133 2.0 0.0 0 0 0 0 0 0 0 0 0 0
 122.227 163.738 2.0 9.0 0 0 1 0 0 0 0 0 0 0
 122.708 164.001 2.0 9.0 0 1 0 0 0 0 0 0 0 0
 123.031 154.22 2.0 18.0 0 0 0 0 0 0 0 0 0 0
 123.797 165.213 2.0 0.0 0 0 1 0 0 0 0 1 0 1
 124.016 161.75 2.0 0.0 0 1 0 0 0 0 0 0 0 1
 124.479 157.133 2.0 0.0 0 0 0 0 0 0 0 0 0 0
 124.479 159.633 2.0 0.0 0 0 0 0 0 0 0 0 0 0
 124.696 164.129 2.0 9.0 0 0 1 0 0 0 0 0 0 0
 125.177 164.392 2.0 9.0 0 1 0 0 0 0 0 0 0 0
 125.409 154.993 2.0 18.0 0 0 0 0 0 0 0 0 0 0
 126.297 165.213 2.0 0.0 0 0 1 0 0 0 0 1 0 1
 126.516 161.75 2.0 0.0 0 1 0 0 0 0 0 0 0 1
 126.979 159.633 2.0 0.0 0 0 0 0 0 0 0 0 0 0
 127.166 164.52 2.0 9.0 0 0 1 0 0 0 0 0 0 0
 127.677 164.392 2.0 0.0 0 1 0 0 0 0 0 0 0 0
 127.787 155.765 2.0 18.0 0 0 0 0 0 0 0 0 0 0
 128.797 165.213 2.0 0.0 0 0 1 0 0 0 0 1 0 1
 129.016 161.75 2.0 0.0 0 1 0 0 0 0 0 0 0 1
 129.479 159.633 2.0 0.0 0 0 0 0 0 0 0 0 0 0
 129.635 164.911 2.0 9.0 0 0 1 0 0 0 0 0 0 0
 130.164 156.538 2.0 18.0 0 0 0 0 0 0 0 0 0 0
 130.177 164.392 2.0 0.0 0 1 0 0 0 0 0 0 0 0
 131.297 165.213 2.0 0.0 0 0 1 0 0 0 0 1 0 1
 131.516 161.75 2.0 0.0 0 1 0 0 0 0 0 0 0 1
 131.979 159.633 2.0 0.0 0 0 0 0 0 0 0 0 0 0
 132.104 165.302 2.0 9.0 0 0 1 0 0 0 0 0 0 0
 132.542 157.31 2.0 18.0 0 0 0 0 0 0 0 0 0 0
 132.677 164.392 2.0 0.0 0 1 0 0 0 0 0 0 0 0
 133.797 165.213 2.0 0.0 0 0 1 0 0 0 0 1 0 1
 134.016 161.75 2.0 0.0 0 1 0 0 0 0 0 0 0 1
 134.479 159.633 2.0 0.0 0 0 0 0 0 0 0 0 0 0
 134.573 165.693 2.0 0.0 0 0 1 0 0 0 0 0 0 0
 134.573 165.693 2.0 9.0 0 0 1 0 0 0 0 0 0 0
 134.92 158.083 2.0 18.0 0 0 0 0 0 0 0 0 0 0
 135.177 164.392 2.0 0.0 0 1 0 0 0 0 0 0 0 0
 136.297 165.213 2.0 0.0 0 0 1 0 0 0 0 1 0 1
 136.516 161.75 2.0 0.0 0 1 0 0 0 0 0 0 0 1
 136.979 159.633 2.0 0.0 0 0 0 0 0 0 0 0 0 0
 137.042 165.302 2.0 351.0 0 0 1 0 0 0 0 0 0 0
 137.297 158.855 2.0 18.0 0 0 0 0 0 0 0 0 0 0
 137.677 164.392 2.0 0.0 0 1 0 0 0 0 0 0 0 0
 138.797 165.213 2.0 0.0 0 0 1 0 0 0 0 1 0 1
 139.016 161.75 2.0 0.0 0 1 0 0 0 0 0 0 0 1
 139.479 159.633 2.0 0.0 0 0 0 0 0 0 0 0 0 0
 139.512 164.911 2.0 351.0 0 0 1 0 0 0 0 0 0 0
 139.675 159.628 2.0 18.0 0 0 0 0 0 0 0 0 0 0
 140.177 164.392 2.0 0.0 0 1 0 0 0 0 0 0 0 0
 141.297 165.213 2.0 0.0 0 0 1 0 0 0 0 1 0 1
 141.516 161.75 2.0 0.0 0 1 0 0 0 0 0 0 0 1
 141.979 159.633 2.0 0.0 0 0 0 0 0 0 0 0 0 0
 141.981 164.52 2.0 351.0 0 0 1 0 0 0 0 0 0 0
 142.053 160.401 2.0 18.0 0 0 0 0 0 0 0 0 0 0
 142.677 164.392 2.0 0.0 0 1 0 0 0 0 0 0 0 0
 143.797 165.213 2.0 0.0 0 0 1 0 0 0 0 1 0 1
 144.016 161.75 2.0 0.0 0 1 0 0 0 0 0 0 0 1
 144.43 161.173 2.0 18.0 0 0 0 0 0 0 0 0 0 0
 144.45 164.129 2.0 351.0 0 0 1 0 0 0 0 0 0 0
 144.479 159.633 2.0 0.0 0 0 0 0 0 0 0 0 0 0
 145.177 164.392 2.0 0.0 0 1 0 0 0 0 0 0 0 0
 146.297 165.213 2.0 0.0 0 0 1 0 0 0 0 1 0 1
 146.516 161.75 2.0 0.0 0 1 0 0 0 0 0 0 0 1
 146.808 161.946 2.0 18.0 0 0 0 0 0 0 0 0 0 0
 146.919 163.738 2.0 351.0 0 0 1 0 0 0 0 0 0 0
 146.979 159.633 2.0 0.0 0 0 0 0 0 0 0 0 0 0
 147.677 164.392 2.0 0.0 0 1 0 0 0 0 0 0 0 0
 148.797 165.213 2.0 0.0 0 0 1 0 0 0 0 1 0 1
 149.016 161.75 2.0 0.0 0 1 0 0 0 0 0 0 0 1
 149.185 162.718 2.0 18.0 0 0 0 0 0 0 0 0 0 0
 149.389 163.347 2.0 351.0 0 0 1 0 0 0 0 0 0 0
 149.479 159.633 2.0 0.0 0 0 0 0 0 0 0 0 0 0
 150.177 164.392 2.0 0.0 0 1 0 0 0 0 0 0 0 0
 151.297 165.213 2.0 0.0 0 0 1 0 0 0 0 1 0 1
 151.516 161.75 2.0 0.0 0 1 0 0 0 0 0 0 0 1
 151.563 163.491 2.0 18.0 0 0 0 0 0 0 0 0 0 0
 151.858 162.956 2.0 351.0 0 0 1 0 0 0 0 0 0 0
 151.979 159.633 2.0 0.0 0 0 0 0 0 0 0 0 0 0
