 22.3776 20.7725 2.0 18.0 0 0 0 0 0 0 0 0 0 0
 22.3776 20.7725 2.0 18.0 1 1 0 0 0 0 0 0 1 0
 22.5 20.0 2.0 9.0 0 1 1 0 0 0 0 0 1 0
 24.7553 21.5451 2.0 18.0 1 0 1 0 0 0 0 1 0 0
 24.7553 21.5451 2.0 18.0 1 1 0 0 0 0 0 0 1 0
 24.8776 20.7725 2.0 18.0 0 1 1 0 0 0 0 0 1 0
 25.0 20.0 2.0 0.0 0 0 0 1 0 0 0 0 0 0
 25.0 20.0 2.0 18.0 0 0 0 1 0 0 0 0 0 0
 25.0 20.0 2.0 9.0 0 0 0 1 0 0 0 0 0 0
 27.1329 22.3176 2.0 18.0 1 0 1 0 0 0 0 1 0 0
 27.1329 22.3176 2.0 18.0 1 1 0 0 0 0 0 0 1 0
 27.2275 21.135 2.0 27.0 0 0 0 1 0 0 0 0 0 0
 27.2553 21.5451 2.0 18.0 0 1 1 0 0 0 0 0 1 0
 27.5 20.0 2.0 0.0 0 0 0 0 0 0 0 0 0 0
 27.5 20.0 2.0 0.0 1 0 0 0 0 1 1 0 0 0
 29.455 22.27 2.0 27.0 0 0 0 1 0 0 0 0 0 0
 29.5106 23.0902 2.0 18.0 1 0 1 0 0 0 0 1 0 0
 29.5106 23.0902 2.0 18.0 1 1 0 0 0 0 0 0 1 0
 29.6329 22.3176 2.0 18.0 0 1 1 0 0 0 0 0 1 0
 30.0 20.0 2.0 0.0 0 0 0 0 0 0 0 0 0 0
 30.0 20.0 2.0 0.0 1 0 0 0 0 1 1 0 0 0
 31.6825 23.4049 2.0 27.0 0 0 0 1 0 0 0 0 0 0
 31.8882 23.8627 2.0 18.0 1 0 1 0 0 0 0 1 0 0
 31.8882 23.8627 2.0 18.0 1 1 0 0 0 0 0 0 1 0
 32.0106 23.0902 2.0 18.0 0 1 1 0 0 0 0 0 1 0
 32.5 20.0 2.0 0.0 0 0 0 0 0 0 0 0 0 0
 32.5 20.0 2.0 0.0 1 0 0 0 0 1 1 0 0 0
 32.5 40.0 2.0 0.0 0 0 0 0 0 0 0 0 0 0
 32.5 42.5 2.0 0.0 0 0 0 0 0 0 0 0 0 0
 32.5 45.0 2.0 0.0 1 0 0 0 0 1 0 0 0 0
 32.5 47.5 2.0 0.0 1 0 0 0 0 1 0 0 0 0
 32.5 50.0 2.0 0.0 1 0 0 0 0 1 0 0 0 0
 32.5409 115.379 2.0 18.0 0 0 0 0 0 0 1 0 0 0
 33.3135 113.002 2.0 18.0 0 0 0 0 0 0 1 0 0 0
 33.9101 24.5399 2.0 27.0 0 0 0 1 0 0 0 0 0 0
 34.086 110.624 2.0 18.0 0 0 0 0 0 0 1 0 0 0
 34.1157 24.9977 2.0 27.0 1 1 0 0 0 0 0 0 1 0
 34.2659 24.6353 2.0 18.0 1 0 1 0 0 0 0 1 0 0
 34.3882 23.8627 2.0 18.0 0 1 1 0 0 0 0 0 1 0
 34.8586 108.246 2.0 18.0 0 0 0 0 0 0 1 0 0 0
 34.9186 116.152 2.0 18.0 0 0 0 0 0 0 1 0 0 0
 35.0 20.0 2.0 0.0 0 0 0 0 0 0 0 0 0 0
 35.0 20.0 2.0 0.0 1 0 0 0 0 1 1 0 0 0
 35.0 22.5 2.0 0.0 0 0 0 0 0 0 0 0 0 0
 35.0 25.0 2.0 0.0 0 0 0 0 0 0 0 0 0 0
 35.0 27.5 2.0 0.0 0 0 0 0 0 0 0 0 0 0
 35.0 30.0 2.0 0.0 0 0 0 0 0 0 0 0 0 0
 35.0 32.5 2.0 0.0 0 0 0 0 0 0 0 0 0 0
 35.0 35.0 2.0 0.0 0 0 0 0 0 0 0 0 0 0
 35.0 35.0 2.0 18.0 0 0 1 0 0 0 1 0 0 0
 35.0 35.0 2.0 27.0 0 0 1 0 0 0 1 0 0 0
 35.0 35.0 2.0 36.0 0 0 1 0 0 0 1 0 0 0
 35.0 35.0 2.0 45.0 0 0 1 0 0 0 1 0 0 0
 35.0 35.0 2.0 54.0 0 0 1 0 0 0 1 0 0 0
 35.0 35.0 2.0 63.0 0 0 1 0 0 0 1 0 0 0
 35.0 35.0 2.0 72.0 0 0 1 0 0 0 1 0 0 0
 35.0 35.0 2.0 81.0 0 0 1 0 0 0 1 0 0 0
 35.0 35.0 2.0 9.0 0 0 1 0 0 0 1 0 0 0
 35.0 40.0 2.0 0.0 0 0 0 0 0 0 0 0 0 0
 35.0 50.0 2.0 0.0 1 0 0 0 0 1 0 0 0 0
 35.0 52.5 2.0 0.0 0 0 0 0 0 0 1 0 0 0
 35.0 55.0 2.0 0.0 0 0 0 0 0 0 1 0 0 0
 35.0 57.5 2.0 0.0 0 0 0 0 0 0 1 0 0 0
 35.0 60.0 2.0 0.0 0 0 0 0 0 0 1 0 0 0
 35.0 62.5 2.0 0.0 0 0 0 0 0 0 1 0 0 0
 35.6311 105.869 2.0 18.0 0 0 0 0 0 0 1 0 0 0
 36.1376 25.6749 2.0 27.0 0 0 0 1 0 0 0 0 0 0
 36.3432 26.1327 2.0 27.0 1 1 0 0 0 0 0 0 1 0
 36.4037 103.491 2.0 18.0 1 0 0 0 0 1 0 0 0 0
 36.6435 25.4078 2.0 18.0 1 0 1 0 0 0 0 1 0 0
 36.7365 56.1924 2.0 27.0 0 1 1 0 0 0 0 0 0 0
 36.7365 56.1924 2.0 36.0 0 1 1 0 0 0 0 0 0 0
 36.7365 56.1924 2.0 45.0 0 1 1 0 0 0 0 0 0 0
 36.7365 56.1924 2.0 54.0 0 1 1 0 0 0 0 0 0 0
 36.7365 56.1924 2.0 63.0 0 1 1 0 0 0 0 0 0 0
 36.7365 56.1924 2.0 72.0 0 1 1 0 0 0 0 0 0 0
 36.7365 56.1924 2.0 81.0 0 1 1 0 0 0 0 0 0 0
 36.7365 56.1924 2.0 90.0 0 1 0 0 0 0 0 0 0 0
 36.7365 56.1924 2.0 99.0 0 1 0 0 0 0 0 0 0 0
 36.7658 24.6353 2.0 18.0 0 1 1 0 0 0 0 0 1 0
 37.1276 53.7232 2.0 99.0 0 1 0 0 0 0 0 0 0 0
 37.1762 101.113 2.0 18.0 1 0 0 0 0 1 0 0 0 0
 37.2962 116.924 2.0 18.0 0 0 0 0 0 0 1 0 0 0
 37.5 20.0 2.0 0.0 1 0 0 0 0 1 1 0 0 0
 37.5 22.5 2.0 0.0 1 0 0 0 0 1 1 0 0 0
 37.5 25.0 2.0 0.0 1 0 0 0 0 1 1 0 0 0
 37.5 27.5 2.0 0.0 1 0 0 0 0 1 1 0 0 0
 37.5 30.0 2.0 0.0 1 0 0 0 0 1 1 0 0 0
 37.5 32.5 2.0 0.0 1 0 0 0 0 1 1 0 0 0
 37.5 35.0 2.0 0.0 1 0 0 0 0 1 1 0 0 0
 37.5 35.0 2.0 90.0 0 0 1 0 0 0 1 0 0 0
 37.5 37.5 2.0 0.0 1 0 0 0 0 1 1 0 0 0
 37.5 37.5 2.0 90.0 0 0 1 0 0 0 1 0 0 0
 37.5 40.0 2.0 0.0 0 0 0 0 0 0 0 0 0 0
 37.5 40.0 2.0 90.0 0 1 1 0 0 0 0 0 0 0
 37.5 42.5 2.0 90.0 0 1 1 0 0 0 0 0 0 0
 37.5 45.0 2.0 90.0 0 1 1 0 0 0 0 0 0 0
 37.5 47.5 2.0 90.0 0 1 1 0 0 0 0 0 0 0
 37.5 50.0 2.0 90.0 0 1 1 0 0 0 0 0 0 0
 37.5 52.5 2.0 90.0 0 1 1 0 0 0 0 0 0 0
 37.5 55.0 2.0 90.0 0 1 1 0 0 0 0 0 0 0
 37.5 57.5 2.0 90.0 0 1 1 0 0 0 0 0 0 0
 37.5 60.0 2.0 90.0 0 1 1 0 0 0 0 0 0 0
 37.5 62.5 2.0 0.0 0 0 0 0 0 0 1 0 0 0
 37.5 62.5 2.0 90.0 0 1 1 0 0 0 0 0 0 0
 37.5 65.0 2.0 90.0 0 1 1 0 0 0 0 0 0 0
 37.5187 51.254 2.0 99.0 0 1 0 0 0 0 0 0 0 0
 37.5361 38.8411 2.0 108.0 1 0 1 0 0 0 0 1 0 0
 37.5768 51.8681 2.0 27.0 0 1 0 0 0 0 0 0 0 0
 37.5768 51.8681 2.0 36.0 0 1 0 0 0 0 0 0 0 0
 37.5768 51.8681 2.0 45.0 0 1 0 0 0 0 0 0 0 0
 37.5768 51.8681 2.0 54.0 0 1 0 0 0 0 0 0 0 0
 37.5768 51.8681 2.0 63.0 0 1 0 0 0 0 0 0 0 0
 37.5768 51.8681 2.0 72.0 0 1 0 0 0 0 0 0 0 0
 37.5768 51.8681 2.0 81.0 0 1 0 0 0 0 0 0 0 0
 37.5768 51.8681 2.0 90.0 0 1 0 0 0 0 0 0 0 0
 37.5768 51.8681 2.0 99.0 0 1 0 0 0 0 0 0 0 0
 37.9098 48.7848 2.0 99.0 0 1 0 0 0 0 0 0 0 0
 37.9487 98.7357 2.0 18.0 1 0 0 0 0 1 0 0 0 0
 37.9679 49.3989 2.0 99.0 0 1 0 0 0 0 0 0 0 0
 38.3009 46.3156 2.0 99.0 0 1 0 0 0 0 0 0 0 0
 38.3086 36.4635 2.0 108.0 1 0 1 0 0 0 0 1 0 0
 38.359 46.9297 2.0 99.0 1 0 1 0 0 0 0 1 0 0
 38.3651 26.8099 2.0 27.0 0 1 0 0 0 0 0 0 1 0
 38.3651 26.8099 2.0 36.0 0 1 0 0 0 0 0 0 1 0
 38.3651 26.8099 2.0 45.0 0 1 0 0 0 0 0 0 1 0
 38.3651 26.8099 2.0 54.0 0 1 0 0 0 0 0 0 1 0
 38.3651 26.8099 2.0 63.0 0 1 0 0 0 0 0 0 1 0
 38.3651 26.8099 2.0 72.0 0 1 0 0 0 0 0 0 1 0
 38.3651 26.8099 2.0 81.0 0 1 0 0 0 0 0 0 1 0
 38.3651 29.3099 2.0 90.0 0 1 0 0 0 0 0 0 1 0
 38.3651 31.8099 2.0 90.0 0 1 0 0 0 0 0 0 1 0
 38.3651 34.3099 2.0 90.0 0 1 0 0 0 0 0 0 1 0
 38.3651 36.8099 2.0 90.0 0 1 0 0 0 0 0 0 1 0
 38.3651 39.3099 2.0 90.0 0 1 0 0 0 0 0 0 1 0
 38.3651 41.8099 2.0 90.0 0 1 0 0 0 0 0 0 1 0
 38.3651 44.3099 2.0 90.0 0 1 0 0 0 0 0 0 1 0
 38.3651 46.8099 2.0 90.0 0 1 0 0 0 0 0 0 1 0
 38.3651 49.3099 2.0 90.0 0 1 0 0 0 0 0 0 1 0
 38.3651 51.8099 2.0 45.0 0 1 0 0 0 0 0 0 1 0
 38.3651 51.8099 2.0 54.0 0 1 0 0 0 0 0 0 1 0
 38.3651 51.8099 2.0 63.0 0 1 0 0 0 0 0 0 1 0
 38.3651 51.8099 2.0 72.0 0 1 0 0 0 0 0 0 1 0
 38.3651 51.8099 2.0 81.0 0 1 0 0 0 0 0 0 1 0
 38.3651 51.8099 2.0 90.0 0 1 0 0 0 0 0 0 1 0
 38.5708 27.2676 2.0 27.0 1 1 0 0 0 0 0 0 1 0
 38.5708 27.2676 2.0 36.0 1 1 0 0 0 0 0 0 1 0
 38.5708 27.2676 2.0 45.0 1 1 0 0 0 0 0 0 1 0
 38.5708 27.2676 2.0 54.0 1 1 0 0 0 0 0 0 1 0
 38.5708 27.2676 2.0 63.0 1 1 0 0 0 0 0 0 1 0
 38.6919 43.8463 2.0 99.0 0 1 0 0 0 0 0 0 0 0
 38.7213 96.358 2.0 18.0 1 0 0 0 0 1 0 0 0 0
 38.7501 44.4605 2.0 99.0 1 0 1 0 0 0 0 1 0 0
 39.0211 26.1803 2.0 18.0 1 0 1 0 0 0 0 1 0 0
 39.0811 34.0858 2.0 108.0 1 0 1 0 0 0 0 1 0 0
 39.083 41.3771 2.0 99.0 0 1 0 0 0 0 0 0 0 0
 39.1141 56.965 2.0 18.0 0 1 1 0 0 0 0 0 0 0
 39.1412 41.9913 2.0 108.0 1 0 1 0 0 0 0 1 0 0
 39.1435 25.4078 2.0 18.0 0 1 1 0 0 0 0 0 1 0
 39.2075 114.544 2.0 18.0 0 0 0 0 0 0 0 0 0 0
 39.2075 114.544 2.0 27.0 0 0 0 0 0 0 0 0 0 0
 39.2075 114.544 2.0 36.0 0 0 0 0 0 0 0 0 0 0
 39.2075 114.544 2.0 45.0 0 0 0 0 0 0 0 0 0 0
 39.2075 114.544 2.0 54.0 0 0 0 0 0 0 0 0 0 0
 39.2075 114.544 2.0 63.0 0 0 0 0 0 0 0 0 0 0
 39.2075 114.544 2.0 72.0 0 0 0 0 0 0 0 0 0 0
 39.2075 114.544 2.0 81.0 0 0 0 0 0 0 0 0 0 0
 39.2075 114.544 2.0 90.0 0 0 0 0 0 0 0 0 0 1
 39.2075 114.544 2.0 99.0 0 0 0 0 0 0 0 0 0 1
 39.3433 29.6453 2.0 72.0 1 1 0 0 0 0 0 0 1 0
 39.4741 38.9079 2.0 99.0 0 1 0 0 0 0 0 0 0 0
 39.4938 93.9804 2.0 18.0 1 0 0 0 0 1 0 0 0 0
 39.5986 112.075 2.0 99.0 0 0 0 0 0 0 0 0 0 1
 39.6739 117.697 2.0 18.0 0 0 0 0 0 0 1 0 0 0
 39.8537 31.7082 2.0 108.0 1 0 1 0 0 0 0 1 0 0
 39.8652 36.4387 2.0 99.0 0 1 0 0 0 0 0 0 0 0
 39.9545 52.6407 2.0 18.0 0 1 0 0 0 0 0 0 0 0
 39.9897 109.606 2.0 99.0 0 0 0 0 0 0 0 0 0 1
 40.0 40.0 2.0 0.0 0 0 0 0 0 0 0 0 0 0
 40.0 62.5 2.0 0.0 0 0 0 0 0 0 1 0 0 0
 40.0 65.0 2.0 90.0 0 1 1 0 0 0 0 0 0 0
 40.1158 32.0229 2.0 72.0 1 1 0 0 0 0 0 0 1 0
 40.2563 33.9695 2.0 99.0 0 1 0 0 0 0 0 0 0 0
 40.3808 107.137 2.0 108.0 0 0 0 0 0 0 0 0 0 1
 40.3808 107.137 2.0 117.0 0 0 0 0 0 0 0 0 0 1
 40.3808 107.137 2.0 126.0 0 0 0 0 0 0 0 0 0 1
 40.3808 107.137 2.0 135.0 0 0 0 0 0 0 0 0 0 1
 40.3808 107.137 2.0 144.0 0 0 0 0 0 0 0 0 0 1
 40.3808 107.137 2.0 153.0 0 0 0 0 1 0 0 0 0 0
 40.3808 107.137 2.0 162.0 0 0 0 0 1 0 0 0 0 0
 40.3876 53.2793 2.0 36.0 0 1 0 0 0 0 0 0 1 0
 40.4464 115.319 2.0 18.0 0 0 0 0 0 0 1 0 0 0
 40.6262 29.3305 2.0 108.0 1 0 1 0 0 0 0 1 0 0
 40.6474 31.5002 2.0 99.0 0 1 0 0 0 0 0 0 1 0
 40.8884 34.4006 2.0 72.0 1 1 0 0 0 0 0 0 1 0
 41.0385 29.031 2.0 99.0 0 1 0 0 0 0 0 0 1 0
 41.2795 36.8698 2.0 81.0 1 1 0 0 0 0 0 0 1 0
 41.2908 111.111 2.0 108.0 1 1 0 0 1 0 0 0 1 0
 41.2908 111.111 2.0 117.0 1 1 0 0 1 0 0 0 1 0
 41.2908 111.111 2.0 99.0 1 1 0 0 1 0 0 0 1 0
 41.2908 113.611 2.0 63.0 1 1 0 0 1 0 0 0 1 0
 41.2908 113.611 2.0 72.0 1 1 0 0 1 0 0 0 1 0
 41.2908 113.611 2.0 81.0 1 1 0 0 1 0 0 0 1 0
 41.2908 113.611 2.0 90.0 1 1 0 0 1 0 0 0 1 0
 41.3063 92.5311 2.0 108.0 0 0 0 0 0 0 0 0 0 0
 41.3063 92.5311 2.0 117.0 0 0 0 0 0 0 0 0 0 0
 41.3063 92.5311 2.0 126.0 0 0 0 0 0 0 0 0 0 0
 41.3063 92.5311 2.0 135.0 0 0 0 0 0 0 0 0 0 0
 41.3063 92.5311 2.0 144.0 0 0 0 0 0 0 0 0 0 0
 41.3063 92.5311 2.0 153.0 0 0 0 0 0 0 0 0 0 0
 41.3063 92.5311 2.0 162.0 0 0 0 0 0 0 0 0 0 0
 41.3063 92.5311 2.0 171.0 0 0 0 0 0 0 0 0 0 0
 41.3063 92.5311 2.0 180.0 0 0 0 0 0 0 0 0 0 0
 41.3063 92.5311 2.0 189.0 1 0 0 0 0 0 0 0 0 0
 41.3063 92.5311 2.0 81.0 0 0 0 0 0 0 0 0 0 0
 41.3063 92.5311 2.0 90.0 0 0 0 0 0 0 0 0 0 0
 41.3063 92.5311 2.0 99.0 0 0 0 0 0 0 0 0 0 0
 41.3988 26.9529 2.0 18.0 1 0 1 0 0 0 0 1 0 0
 41.3988 26.9529 2.0 27.0 1 0 1 0 0 0 0 1 0 0
 41.3988 26.9529 2.0 36.0 1 0 1 0 0 0 0 1 0 0
 41.3988 26.9529 2.0 45.0 1 0 1 0 0 0 0 1 0 0
 41.3988 26.9529 2.0 54.0 1 0 1 0 0 0 0 1 0 0
 41.3988 26.9529 2.0 63.0 1 0 1 0 0 0 0 1 0 0
 41.3988 26.9529 2.0 72.0 1 0 1 0 0 0 0 1 0 0
 41.3988 26.9529 2.0 81.0 1 0 1 0 0 0 0 1 0 0
 41.3988 26.9529 2.0 90.0 1 0 1 0 0 0 0 1 0 0
 41.3988 26.9529 2.0 99.0 1 0 1 0 0 0 0 1 0 0
 41.4295 26.5618 2.0 99.0 0 0 0 0 0 0 0 0 0 0
 41.4918 57.7375 2.0 18.0 0 1 1 0 0 0 0 0 0 0
 41.5211 26.1803 2.0 18.0 0 1 1 0 0 0 0 0 1 0
 41.6706 39.339 2.0 81.0 1 1 0 0 0 0 0 0 1 0
 41.6767 114.935 2.0 9.0 0 0 0 0 0 0 0 0 0 0
 41.8715 94.7529 2.0 18.0 1 0 0 0 0 1 0 0 0 0
 41.8891 106.291 2.0 108.0 0 0 1 1 0 0 0 0 0 0
 41.8891 106.291 2.0 117.0 0 0 1 1 0 0 0 0 0 0
 41.8891 106.291 2.0 72.0 0 0 1 1 0 0 0 0 0 0
 41.8891 106.291 2.0 81.0 0 0 1 1 0 0 0 0 0 0
 41.8891 106.291 2.0 90.0 0 0 1 1 0 0 0 0 0 0
 41.8891 106.291 2.0 99.0 0 0 1 1 0 0 0 0 0 0
 42.0616 41.8082 2.0 81.0 1 1 0 0 0 0 0 0 1 0
 42.0789 102.409 2.0 90.0 0 1 0 0 0 0 0 0 0 0
 42.0789 104.909 2.0 90.0 0 1 0 0 0 0 0 0 0 0
 42.0789 107.409 2.0 90.0 0 1 0 0 0 0 0 0 0 0
 42.0789 109.909 2.0 90.0 0 1 0 0 0 0 0 0 0 0
 42.0789 112.409 2.0 90.0 0 1 0 0 0 0 0 0 0 0
 42.0789 114.909 2.0 90.0 0 1 0 0 0 0 0 0 0 0
 42.0789 117.409 2.0 90.0 0 1 0 0 0 0 0 0 0 0
 42.0789 119.909 2.0 90.0 0 1 0 0 0 0 0 0 0 0
 42.0789 122.409 2.0 0.0 0 0 0 0 0 0 0 0 0 0
 42.0789 122.409 2.0 18.0 0 0 0 0 0 0 0 0 0 0
 42.0789 122.409 2.0 27.0 0 0 0 0 0 0 0 0 0 0
 42.0789 122.409 2.0 36.0 0 0 0 0 0 0 0 0 0 0
 42.0789 122.409 2.0 45.0 0 1 0 0 0 0 0 0 0 0
 42.0789 122.409 2.0 54.0 0 1 0 0 0 0 0 0 0 0
 42.0789 122.409 2.0 63.0 0 1 0 0 0 0 0 0 0 0
 42.0789 122.409 2.0 72.0 0 1 0 0 0 0 0 0 0 0
 42.0789 122.409 2.0 81.0 0 1 0 0 0 0 0 0 0 0
 42.0789 122.409 2.0 9.0 0 0 0 0 0 0 0 0 0 0
 42.0789 122.409 2.0 90.0 0 1 0 0 0 0 0 0 0 0
 42.0789 94.9087 2.0 72.0 0 0 0 0 0 0 0 0 0 0
 42.0789 94.9087 2.0 72.0 0 1 0 0 0 0 0 0 0 0
 42.0789 94.9087 2.0 81.0 0 1 0 0 0 0 0 0 0 0
 42.0789 97.4087 2.0 90.0 0 1 0 0 0 0 0 0 0 0
 42.0789 99.9087 2.0 90.0 0 1 0 0 0 0 0 0 0 0
 42.3321 53.4132 2.0 18.0 0 1 0 0 0 0 0 0 0 0
 42.4102 54.7488 2.0 36.0 0 1 0 0 0 0 0 0 1 0
 42.4257 108.884 2.0 117.0 1 1 0 0 1 0 0 0 1 0
 42.4527 44.2774 2.0 81.0 1 1 0 0 0 0 0 0 1 0
 42.4527 46.7774 2.0 90.0 1 1 0 0 0 0 0 0 1 0
 42.4527 49.2774 2.0 90.0 1 1 0 0 0 0 0 0 1 0
 42.4527 51.7774 2.0 81.0 1 1 0 0 0 0 0 0 1 0
 42.4527 51.7774 2.0 90.0 1 1 0 0 0 0 0 0 1 0
 42.5 105.0 2.0 90.0 0 1 0 0 0 0 1 0 0 0
 42.5 107.5 2.0 90.0 0 1 0 0 0 0 1 0 0 0
 42.5 110.0 2.0 90.0 0 1 0 0 0 0 1 0 0 0
 42.5 112.5 2.0 90.0 0 1 0 0 0 0 1 0 0 0
 42.5 115.0 2.0 90.0 0 1 0 0 0 0 1 0 0 0
 42.5 117.5 2.0 90.0 0 1 0 0 0 0 1 0 0 0
 42.5 40.0 2.0 0.0 0 0 0 0 0 0 0 0 0 0
 42.5 62.5 2.0 0.0 1 0 0 0 0 1 0 0 0 0
 42.5 65.0 2.0 90.0 0 1 1 0 0 0 0 0 0 0
 42.7584 106.364 2.0 162.0 0 0 0 0 1 0 0 0 0 0
 42.7602 115.634 2.0 36.0 1 0 0 0 0 0 0 0 1 1
 42.7602 115.634 2.0 45.0 1 0 0 0 0 0 0 0 1 1
 42.7602 115.634 2.0 54.0 1 1 0 0 1 0 0 0 1 0
 42.824 116.092 2.0 18.0 0 0 0 0 0 0 1 0 0 0
 43.0241 104.064 2.0 117.0 0 0 1 1 0 0 0 0 0 0
 43.0241 108.519 2.0 63.0 0 0 1 1 0 0 0 0 0 0
 43.2253 54.1551 2.0 72.0 1 1 0 0 0 0 0 0 1 0
 43.5607 106.656 2.0 117.0 1 1 0 0 1 0 0 0 1 0
 43.7756 92.9222 2.0 189.0 1 0 0 0 0 0 0 0 0 0
 43.8694 58.5101 2.0 18.0 1 0 1 0 0 0 0 0 1 0
 43.8988 26.9529 2.0 0.0 0 0 0 0 0 0 0 0 0 0
 43.8988 26.9529 2.0 18.0 0 0 0 0 0 0 0 0 0 0
 43.8988 26.9529 2.0 18.0 0 1 1 0 0 0 0 0 1 0
 43.8988 26.9529 2.0 27.0 0 0 0 0 0 0 0 0 0 0
 43.8988 26.9529 2.0 333.0 1 0 0 0 0 0 0 0 0 0
 43.8988 26.9529 2.0 342.0 1 0 0 0 0 0 0 0 0 0
 43.8988 26.9529 2.0 351.0 0 0 0 0 0 0 0 0 0 0
 43.8988 26.9529 2.0 351.0 0 1 0 0 1 0 0 0 0 0
 43.8988 26.9529 2.0 36.0 0 0 0 0 0 0 0 0 0 0
 43.8988 26.9529 2.0 360.0 0 0 0 0 0 0 0 0 0 0
 43.8988 26.9529 2.0 45.0 0 0 0 0 0 0 0 0 0 0
 43.8988 26.9529 2.0 54.0 0 0 0 0 0 0 0 0 0 0
 43.8988 26.9529 2.0 63.0 0 0 0 0 0 0 0 0 0 0
 43.8988 26.9529 2.0 72.0 0 0 0 0 0 0 0 0 0 0
 43.8988 26.9529 2.0 81.0 0 0 0 0 0 0 0 0 0 0
 43.8988 26.9529 2.0 9.0 0 0 0 0 0 0 0 0 0 0
 43.8988 26.9529 2.0 90.0 0 0 0 0 0 0 0 0 0 0
 43.9978 56.5327 2.0 54.0 1 1 0 0 0 0 0 0 1 0
 43.9978 56.5327 2.0 63.0 1 1 0 0 0 0 0 0 1 0
 43.9978 56.5327 2.0 72.0 1 1 0 0 0 0 0 0 1 0
 44.0544 115.708 2.0 18.0 0 0 1 1 0 0 0 0 0 0
 44.1591 101.836 2.0 126.0 0 1 0 0 0 0 0 0 1 0
 44.1591 101.836 2.0 135.0 0 1 0 0 0 0 0 0 1 0
 44.1591 110.746 2.0 63.0 0 0 1 1 0 0 0 0 0 0
 44.2491 95.5255 2.0 18.0 1 0 0 0 0 1 0 0 0 0
 44.4327 56.2182 2.0 36.0 0 1 0 0 0 0 0 0 1 0
 44.5481 122.018 2.0 351.0 0 0 0 0 0 0 0 0 0 0
 44.6957 104.429 2.0 117.0 1 1 0 0 1 0 0 0 1 0
 44.7097 54.1858 2.0 18.0 0 1 0 0 0 0 0 0 0 0
 44.9878 116.769 2.0 27.0 1 0 0 0 0 0 0 0 1 1
 45.0 105.0 2.0 90.0 0 1 0 0 0 0 1 0 0 0
 45.0 117.5 2.0 45.0 0 0 0 0 0 0 1 0 0 1
 45.0 117.5 2.0 54.0 0 1 0 0 0 0 1 0 0 0
 45.0 117.5 2.0 63.0 0 1 0 0 0 0 1 0 0 0
 45.0 117.5 2.0 72.0 0 1 0 0 0 0 1 0 0 0
 45.0 117.5 2.0 81.0 0 1 0 0 0 0 1 0 0 0
 45.0 117.5 2.0 90.0 0 1 0 0 0 0 1 0 0 0
 45.0 40.0 2.0 0.0 0 0 0 0 0 0 0 0 0 0
 45.0 62.5 2.0 0.0 1 0 0 0 0 1 0 0 0 0
 45.0 65.0 2.0 90.0 0 0 0 0 0 0 1 0 0 0
 45.136 105.591 2.0 162.0 0 0 0 0 1 0 0 0 0 0
 45.2017 116.864 2.0 18.0 0 0 0 0 0 0 1 0 0 0
 45.294 112.974 2.0 63.0 0 0 1 1 0 0 0 0 0 0
 45.7656 58.3005 2.0 45.0 1 1 0 0 0 0 0 0 1 0
 45.8307 102.201 2.0 126.0 1 1 0 0 1 0 0 0 1 0
 45.8307 102.201 2.0 135.0 1 1 0 0 1 0 0 0 1 0
 45.8307 102.201 2.0 144.0 1 1 0 0 1 0 0 0 1 0
 45.9268 100.068 2.0 135.0 0 1 0 0 0 0 0 0 1 0
 46.2448 93.3133 2.0 189.0 1 0 0 0 0 0 0 0 0 0
 46.2471 59.2826 2.0 18.0 1 0 1 0 0 0 0 0 1 0
 46.429 115.201 2.0 36.0 0 0 1 1 0 0 0 0 0 0
 46.429 115.201 2.0 45.0 0 0 1 1 0 0 0 0 0 0
 46.429 115.201 2.0 54.0 0 0 1 1 0 0 0 0 0 0
 46.429 115.201 2.0 63.0 0 0 1 1 0 0 0 0 0 0
 46.432 116.48 2.0 18.0 0 0 1 1 0 0 0 0 0 0
 46.4553 57.6877 2.0 36.0 0 1 0 0 0 0 0 0 1 0
 46.6267 96.298 2.0 18.0 1 0 0 0 0 1 0 0 0 0
 47.0173 121.627 2.0 351.0 0 0 0 0 0 0 0 0 0 0
 47.0225 118.969 2.0 36.0 0 0 0 0 0 0 1 0 0 1
 47.0874 54.9583 2.0 18.0 0 1 0 0 0 0 0 0 0 0
 47.2153 117.904 2.0 27.0 1 0 0 0 0 0 0 0 1 1
 47.5 105.0 2.0 90.0 0 1 0 0 0 0 1 0 0 0
 47.5 40.0 2.0 0.0 0 0 0 0 0 0 0 0 0 0
 47.5 62.5 2.0 0.0 1 0 0 0 0 1 0 0 0 0
 47.5 65.0 2.0 90.0 0 0 0 0 0 0 1 0 0 0
 47.5137 104.819 2.0 162.0 0 0 0 0 1 0 0 0 0 0
 47.5333 60.0683 2.0 45.0 1 1 0 0 0 0 0 0 1 0
 47.5793 117.637 2.0 18.0 0 0 0 0 0 0 1 0 0 0
 47.6946 98.3007 2.0 135.0 0 1 0 0 0 0 0 0 1 0
 47.8532 100.732 2.0 153.0 1 1 0 0 1 0 0 0 1 0
 48.4778 59.1572 2.0 36.0 0 1 0 0 0 0 0 0 1 0
 48.492 116.947 2.0 36.0 0 0 0 0 0 0 1 0 0 1
 48.6247 60.0551 2.0 18.0 1 0 1 0 0 0 0 0 1 0
 48.6565 116.336 2.0 27.0 0 0 1 1 0 0 0 0 0 0
 48.714 93.7043 2.0 189.0 1 0 0 0 0 0 0 0 0 0
 48.8096 117.253 2.0 18.0 0 0 1 1 0 0 0 0 0 0
 49.0044 97.0706 2.0 18.0 0 0 0 0 0 0 0 0 0 0
 49.3011 61.836 2.0 45.0 1 1 0 0 0 0 0 0 1 0
 49.4428 119.039 2.0 27.0 1 0 0 0 0 0 0 0 1 1
 49.4624 96.533 2.0 135.0 0 1 0 0 0 0 0 0 1 0
 49.465 55.7309 2.0 18.0 0 1 0 0 0 0 0 0 0 0
 49.4865 121.235 2.0 351.0 0 0 0 0 0 0 0 0 0 0
 49.8913 104.046 2.0 162.0 0 0 0 0 1 0 0 0 0 0
 49.957 118.409 2.0 18.0 0 0 0 0 0 0 1 0 0 0
 50.0 105.0 2.0 90.0 0 1 0 0 0 0 1 0 0 0
 50.0 62.5 2.0 0.0 1 0 0 0 0 1 0 0 0 0
 50.0 65.0 2.0 90.0 0 0 0 0 0 0 1 0 0 0
 50.0807 99.5966 2.0 153.0 1 1 0 0 1 0 0 0 1 0
 50.5003 60.6266 2.0 36.0 0 1 0 0 0 0 0 0 1 0
 50.5145 118.416 2.0 36.0 0 0 0 0 0 0 1 0 0 1
 50.884 117.471 2.0 27.0 0 0 1 1 0 0 0 0 0 0
 51.0023 60.8277 2.0 18.0 1 0 1 0 0 0 0 0 1 0
 51.0689 63.6038 2.0 45.0 1 1 0 0 0 0 0 0 1 0
 51.1832 94.0954 2.0 189.0 1 0 0 0 0 0 0 0 0 0
 51.1873 118.025 2.0 18.0 0 0 1 1 0 0 0 0 0 0
 51.2301 94.7652 2.0 135.0 0 1 0 0 0 0 0 0 1 0
 51.382 97.8431 2.0 18.0 0 0 0 0 0 0 0 0 0 0
 51.6703 120.174 2.0 18.0 1 0 0 0 0 0 0 0 1 1
 51.6703 120.174 2.0 27.0 1 0 0 0 0 0 0 0 1 1
 51.8427 56.5034 2.0 18.0 0 1 0 0 0 0 0 0 0 0
 51.9558 120.844 2.0 351.0 0 0 0 0 0 0 0 0 0 0
 51.984 116.394 2.0 27.0 0 0 0 0 0 0 1 0 0 1
 51.984 116.394 2.0 36.0 0 0 0 0 0 0 1 0 0 1
 52.269 103.274 2.0 162.0 0 0 0 0 1 0 0 0 0 0
 52.3082 98.4616 2.0 153.0 1 1 0 0 1 0 0 0 1 0
 52.3346 119.182 2.0 18.0 0 0 0 0 0 0 1 0 0 0
 52.5 105.0 2.0 90.0 0 1 0 0 0 0 1 0 0 0
 52.5 62.5 2.0 0.0 1 0 0 0 0 1 0 0 0 0
 52.5 65.0 2.0 90.0 0 0 0 0 0 0 1 0 0 0
 52.5229 62.0961 2.0 36.0 0 1 0 0 0 0 0 0 1 0
 52.8367 65.3716 2.0 45.0 1 1 0 0 0 0 0 0 1 0
 52.9979 92.9974 2.0 135.0 0 1 0 0 0 0 0 0 1 0
 53.1116 118.606 2.0 27.0 1 0 0 0 0 0 0 0 0 0
 53.38 61.6002 2.0 18.0 1 0 1 0 0 0 0 0 1 0
 53.5649 118.798 2.0 18.0 0 0 1 1 0 0 0 0 0 0
 53.6524 94.4865 2.0 189.0 1 0 0 0 0 0 0 0 0 0
 53.7597 98.6157 2.0 18.0 0 0 0 0 0 0 0 0 0 0
 54.1395 120.565 2.0 9.0 1 0 0 0 0 0 0 0 1 1
 54.2203 57.2759 2.0 18.0 0 1 0 0 0 0 0 0 0 0
 54.2203 57.2759 2.0 27.0 0 1 0 0 0 0 0 0 0 0
 54.2203 57.2759 2.0 36.0 0 1 0 0 0 0 0 0 0 0
 54.2203 57.2759 2.0 45.0 0 1 0 0 0 0 0 0 0 0
 54.2203 57.2759 2.0 54.0 0 1 0 0 0 0 0 0 0 0
 54.2203 57.2759 2.0 63.0 0 1 0 0 0 0 0 0 0 0
 54.3616 117.166 2.0 18.0 0 0 0 0 0 0 1 0 0 1
 54.425 120.453 2.0 351.0 0 0 0 0 0 0 0 0 0 0
 54.5358 97.3266 2.0 153.0 1 1 0 0 1 0 0 0 1 0
 54.5454 63.5656 2.0 36.0 0 1 0 0 0 0 0 0 1 0
 54.6044 67.1393 2.0 45.0 1 1 0 0 0 0 0 0 1 0
 54.6466 102.501 2.0 162.0 0 0 0 0 1 0 0 0 0 0
 54.7122 119.954 2.0 18.0 0 0 0 0 0 0 1 0 0 0
 54.7657 91.2296 2.0 117.0 0 1 0 0 0 0 0 0 1 0
 54.7657 91.2296 2.0 126.0 0 1 0 0 0 0 0 0 1 0
 54.9928 59.6536 2.0 72.0 0 1 0 0 0 0 0 0 0 0
 55.0 105.0 2.0 90.0 0 1 0 0 0 0 1 0 0 0
 55.0 62.5 2.0 0.0 1 0 0 0 0 1 0 0 0 0
 55.0 65.0 2.0 90.0 0 0 0 0 0 0 1 0 0 0
 55.3391 119.741 2.0 18.0 1 0 0 0 0 0 0 0 0 0
 55.3391 119.741 2.0 27.0 1 0 0 0 0 0 0 0 0 0
 55.3391 119.741 2.0 9.0 1 0 0 0 0 0 0 0 0 0
 55.4848 117.577 2.0 18.0 0 0 0 0 0 0 1 0 0 0
 55.7576 62.3728 2.0 18.0 1 0 1 0 0 0 0 0 1 0
 55.7654 62.0312 2.0 72.0 0 1 0 0 0 0 0 0 0 0
 55.9006 89.0021 2.0 117.0 0 1 0 0 0 0 0 0 1 0
 55.9426 119.571 2.0 18.0 0 0 1 1 0 0 0 0 0 0
 56.1217 94.8776 2.0 189.0 1 0 0 0 0 0 0 0 0 0
 56.1373 99.3882 2.0 18.0 0 0 0 0 0 0 0 0 0 0
 56.3722 68.9071 2.0 45.0 1 1 0 0 0 0 0 0 1 0
 56.3722 68.9071 2.0 54.0 0 0 0 0 0 0 0 0 0 0
 56.3722 68.9071 2.0 63.0 0 0 0 0 0 0 0 0 0 0
 56.3722 68.9071 2.0 72.0 0 0 0 0 0 0 0 0 0 0
 56.5379 64.4089 2.0 72.0 0 0 0 0 0 0 0 1 0 0
 56.568 65.035 2.0 36.0 0 1 0 0 0 0 0 0 1 0
 56.568 65.035 2.0 45.0 0 1 0 0 0 0 0 0 1 0
 56.568 65.035 2.0 54.0 0 1 0 0 0 0 0 0 1 0
 56.568 65.035 2.0 63.0 0 1 0 0 0 0 0 0 1 0
 56.568 65.035 2.0 72.0 0 1 0 0 0 0 0 0 1 0
 56.6087 120.956 2.0 9.0 1 0 0 0 0 0 0 0 1 1
 56.7393 117.939 2.0 18.0 0 0 0 0 0 0 1 0 0 1
 56.7633 71.3763 2.0 81.0 0 0 0 0 0 0 0 0 0 0
 56.7633 96.1917 2.0 108.0 1 1 0 0 1 0 0 0 1 0
 56.7633 96.1917 2.0 117.0 1 1 0 0 1 0 0 0 1 0
 56.7633 96.1917 2.0 126.0 1 1 0 0 1 0 0 0 1 0
 56.7633 96.1917 2.0 135.0 1 1 0 0 1 0 0 0 1 0
 56.7633 96.1917 2.0 144.0 1 1 0 0 1 0 0 0 1 0
 56.7633 96.1917 2.0 99.0 1 1 0 0 1 0 0 0 1 0
 56.8942 120.062 2.0 351.0 0 0 0 0 0 0 0 0 0 0
 56.9591 67.5042 2.0 81.0 0 1 0 0 0 0 0 0 1 0
 57.0242 101.729 2.0 108.0 1 0 0 0 0 0 0 0 0 0
 57.0242 101.729 2.0 117.0 1 0 0 0 0 0 0 0 0 0
 57.0242 101.729 2.0 126.0 0 0 0 0 1 0 0 0 0 0
 57.0242 101.729 2.0 135.0 0 0 0 0 1 0 0 0 0 0
 57.0242 101.729 2.0 144.0 0 0 0 0 1 0 0 0 0 0
 57.0242 101.729 2.0 153.0 0 0 0 0 1 0 0 0 0 0
 57.0242 101.729 2.0 99.0 1 0 0 0 0 0 0 0 0 0
 57.0356 86.7746 2.0 117.0 0 1 0 0 0 0 0 0 1 0
 57.1544 73.8455 2.0 81.0 0 0 0 0 0 0 0 0 0 0
 57.1544 93.7224 2.0 99.0 1 1 0 0 1 0 0 0 1 0
 57.3105 66.7865 2.0 72.0 0 0 0 0 0 0 0 1 0 0
 57.3501 69.9735 2.0 81.0 0 1 0 0 0 0 0 0 1 0
 57.4153 99.2595 2.0 99.0 1 0 0 0 0 0 0 0 0 0
 57.5 105.0 2.0 90.0 1 0 0 0 0 0 0 0 0 0
 57.5 62.5 2.0 0.0 1 0 0 0 0 1 0 0 0 0
 57.5 65.0 2.0 90.0 0 0 0 0 0 0 1 0 0 0
 57.5455 76.3148 2.0 81.0 1 1 0 0 1 0 0 0 1 0
 57.5455 91.2532 2.0 99.0 1 1 0 0 1 0 0 0 1 0
 57.6824 94.6329 2.0 18.0 0 0 0 0 0 0 0 0 0 0
 57.7412 72.4427 2.0 81.0 0 1 0 0 0 0 0 0 1 0
 57.8064 96.7903 2.0 99.0 1 0 0 0 0 0 0 0 0 0
 57.8391 119.741 2.0 0.0 1 0 0 0 0 0 0 0 0 0
 57.8624 118.349 2.0 18.0 0 0 0 0 0 0 1 0 0 0
 57.9365 78.784 2.0 81.0 1 1 0 0 1 0 0 0 1 0
 57.9365 81.284 2.0 90.0 1 1 0 0 1 0 0 0 1 0
 57.9365 83.784 2.0 90.0 1 1 0 0 1 0 0 0 1 0
 57.9365 86.284 2.0 90.0 1 1 0 0 1 0 0 0 1 0
 57.9365 88.784 2.0 90.0 1 1 0 0 1 0 0 0 1 0
 58.083 69.1641 2.0 72.0 0 0 0 0 0 0 0 1 0 0
 58.1323 74.9119 2.0 81.0 0 1 0 0 0 0 0 0 1 0
 58.1353 63.1453 2.0 18.0 1 0 1 0 0 0 0 0 1 0
 58.1706 84.5471 2.0 117.0 0 1 0 0 0 0 0 0 1 0
 58.1975 94.3211 2.0 99.0 1 0 0 0 0 0 0 0 0 0
 58.3202 120.343 2.0 18.0 0 0 1 1 0 0 0 0 0 0
 58.4549 92.2553 2.0 18.0 0 0 0 0 0 0 0 0 0 0
 58.5149 100.161 2.0 18.0 0 0 0 0 0 0 0 0 0 0
 58.5234 77.3811 2.0 81.0 0 1 0 0 0 0 0 0 1 0
 58.5886 91.8518 2.0 99.0 1 0 0 0 0 0 0 0 0 0
 58.5909 95.2687 2.0 189.0 1 0 0 0 0 0 0 0 0 0
 58.8555 71.5418 2.0 72.0 0 0 0 0 0 0 0 1 0 0
 58.9145 79.8504 2.0 81.0 0 1 0 0 0 0 0 0 1 0
 58.9797 89.3826 2.0 99.0 1 0 0 0 0 0 0 0 0 0
 59.078 121.347 2.0 9.0 1 0 0 0 0 0 0 0 1 1
 59.1169 118.711 2.0 18.0 0 0 0 0 0 0 1 0 0 1
 59.2275 89.8776 2.0 18.0 1 0 0 0 0 1 0 0 0 0
 59.2875 97.7831 2.0 18.0 0 0 0 0 0 0 0 0 0 0
 59.3056 82.3196 2.0 108.0 0 1 0 0 0 0 0 0 1 0
 59.3056 82.3196 2.0 81.0 0 1 0 0 0 0 0 0 1 0
 59.3056 82.3196 2.0 90.0 0 1 0 0 0 0 0 0 1 0
 59.3056 82.3196 2.0 99.0 0 1 0 0 0 0 0 0 1 0
 59.3634 119.671 2.0 351.0 0 1 0 0 0 0 0 1 0 0
 59.3708 86.9134 2.0 99.0 1 0 0 0 0 0 0 0 0 0
 59.6281 73.9194 2.0 72.0 0 0 0 0 0 0 0 1 0 0
 59.7619 84.4442 2.0 99.0 1 0 0 0 0 0 0 0 0 0
 60.0 105.0 2.0 90.0 1 0 0 0 0 0 0 0 0 0
 60.0 62.5 2.0 0.0 1 0 0 0 0 1 0 0 0 0
 60.0 65.0 2.0 0.0 1 0 0 0 0 1 0 0 0 0
 60.0 65.0 2.0 90.0 0 0 0 0 0 0 1 0 0 0
 60.0 67.5 2.0 0.0 1 0 0 0 0 1 0 0 0 0
 60.0 70.0 2.0 0.0 1 0 0 0 0 1 0 0 0 0
 60.0 72.5 2.0 0.0 1 0 0 0 0 1 0 0 0 0
 60.0 75.0 2.0 0.0 1 0 0 0 0 1 0 0 0 0
 60.0 77.5 2.0 0.0 1 0 0 0 0 1 0 0 0 0
 60.0 80.0 2.0 0.0 1 0 0 0 0 1 0 0 0 0
 60.0 82.5 2.0 0.0 1 0 0 0 0 1 0 0 0 0
 60.0 85.0 2.0 0.0 1 0 0 0 0 1 0 0 0 0
 60.0 87.5 2.0 0.0 1 0 0 0 0 1 0 0 0 0
 60.0 87.5 2.0 9.0 1 0 0 0 0 1 0 0 0 0
 60.06 95.4055 2.0 18.0 0 0 0 0 0 0 0 0 0 0
 60.1529 81.975 2.0 99.0 0 0 1 1 0 0 0 0 0 0
 60.2401 119.122 2.0 18.0 0 0 0 0 0 0 1 0 0 0
 60.3391 119.741 2.0 0.0 1 0 0 0 0 0 0 0 0 0
 60.4006 76.2971 2.0 72.0 0 0 0 0 0 0 0 1 0 0
 60.5129 63.9178 2.0 18.0 1 0 1 0 0 0 0 0 1 0
 60.544 79.5057 2.0 99.0 0 0 1 1 0 0 0 0 0 0
 60.6978 121.116 2.0 18.0 0 0 1 1 0 0 0 0 0 0
 60.7917 78.7663 2.0 81.0 0 0 0 0 0 0 0 1 0 0
 60.9351 77.0365 2.0 99.0 0 0 1 1 0 0 0 0 0 0
 61.0601 95.6598 2.0 189.0 1 0 0 0 0 0 0 0 0 0
 61.1828 81.2355 2.0 81.0 0 0 0 0 0 0 0 1 0 0
 61.3262 74.5673 2.0 99.0 0 0 1 1 0 0 0 0 0 0
 61.4946 119.484 2.0 18.0 0 0 0 0 0 0 1 0 0 1
 61.5472 121.738 2.0 9.0 1 0 0 0 0 0 0 0 1 1
 61.5739 83.7047 2.0 81.0 1 0 0 0 0 0 0 0 0 0
 61.7173 72.0981 2.0 99.0 0 0 1 1 0 0 0 0 0 0
 61.8326 119.28 2.0 351.0 0 1 0 0 0 0 0 1 0 0
 61.965 86.174 2.0 81.0 1 0 0 0 0 0 0 0 0 0
 62.1084 69.6288 2.0 99.0 0 0 1 1 0 0 0 0 0 0
 62.3561 88.6432 2.0 81.0 1 0 0 0 0 0 0 0 0 0
 62.4995 67.1596 2.0 99.0 1 0 1 0 0 0 0 0 1 0
 62.5 100.0 2.0 90.0 1 0 0 0 0 0 0 0 0 0
 62.5 102.5 2.0 90.0 1 0 0 0 0 0 0 0 0 0
 62.5 105.0 2.0 90.0 1 0 0 0 0 0 0 0 0 0
 62.5 65.0 2.0 90.0 0 0 0 0 0 0 1 0 0 0
 62.5 67.5 2.0 90.0 0 0 0 0 0 0 1 0 0 0
 62.5 70.0 2.0 90.0 0 0 0 0 0 0 1 0 0 0
 62.5 72.5 2.0 90.0 1 0 0 0 0 0 0 0 0 0
 62.5 75.0 2.0 90.0 1 0 0 0 0 0 0 0 0 0
 62.5 77.5 2.0 90.0 1 0 0 0 0 0 0 0 0 0
 62.5 80.0 2.0 90.0 1 0 0 0 0 0 0 0 0 0
 62.5 82.5 2.0 90.0 1 0 0 0 0 0 0 0 0 0
 62.5 85.0 2.0 90.0 1 0 0 0 0 0 0 0 0 0
 62.5 87.5 2.0 90.0 1 0 0 0 0 0 0 0 0 0
 62.5 90.0 2.0 90.0 1 0 0 0 0 0 0 0 0 0
 62.5 92.5 2.0 90.0 1 0 0 0 0 0 0 0 0 0
 62.5 95.0 2.0 90.0 1 0 0 0 0 0 0 0 0 0
 62.5 97.5 2.0 90.0 1 0 0 0 0 0 0 0 0 0
 62.6177 119.894 2.0 18.0 0 0 0 0 0 0 1 0 0 0
 62.7471 91.1124 2.0 81.0 1 0 0 0 0 0 0 0 0 0
 62.8391 119.741 2.0 0.0 1 0 0 0 0 0 0 0 0 0
 62.8905 64.6904 2.0 18.0 1 0 1 0 0 0 0 0 1 0
 62.8905 64.6904 2.0 27.0 1 0 1 0 0 0 0 0 1 0
 62.8905 64.6904 2.0 36.0 1 0 1 0 0 0 0 0 1 0
 62.8905 64.6904 2.0 45.0 1 0 1 0 0 0 0 0 1 0
 62.8905 64.6904 2.0 54.0 1 0 1 0 0 0 0 0 1 0
 62.8905 64.6904 2.0 63.0 1 0 1 0 0 0 0 0 1 0
 62.8905 64.6904 2.0 72.0 1 0 1 0 0 0 0 0 1 0
 62.8905 64.6904 2.0 81.0 1 0 1 0 0 0 0 0 1 0
 62.8905 64.6904 2.0 90.0 1 0 1 0 0 0 0 0 1 0
 63.1382 93.5816 2.0 81.0 1 0 0 0 0 0 0 0 0 0
 63.5293 96.0508 2.0 108.0 1 0 0 0 0 0 0 0 0 0
 63.5293 96.0508 2.0 117.0 1 0 0 0 0 0 0 0 0 0
 63.5293 96.0508 2.0 126.0 1 0 0 0 0 0 0 0 0 0
 63.5293 96.0508 2.0 135.0 1 0 0 0 0 0 0 0 0 0
 63.5293 96.0508 2.0 144.0 1 0 0 0 0 0 0 0 0 0
 63.5293 96.0508 2.0 153.0 1 0 0 0 0 0 0 0 0 0
 63.5293 96.0508 2.0 162.0 1 0 0 0 0 0 0 0 0 0
 63.5293 96.0508 2.0 171.0 1 0 0 0 0 0 0 0 0 0
 63.5293 96.0508 2.0 180.0 1 0 0 0 0 0 0 0 0 0
 63.5293 96.0508 2.0 81.0 1 0 0 0 0 0 0 0 0 0
 63.5293 96.0508 2.0 90.0 1 0 0 0 0 0 0 0 0 0
 63.5293 96.0508 2.0 99.0 1 0 0 0 0 0 0 0 0 0
 63.848 119.511 2.0 18.0 0 0 1 1 0 0 0 0 0 0
 63.8722 120.257 2.0 18.0 0 0 0 0 0 0 1 0 0 1
 64.0164 122.129 2.0 9.0 1 0 0 0 0 0 0 0 1 1
 64.3019 118.889 2.0 351.0 0 1 0 0 0 0 0 1 0 0
 64.9953 120.667 2.0 18.0 0 0 0 0 0 0 1 0 0 0
 65.3391 119.741 2.0 0.0 1 0 0 0 0 0 0 0 0 0
 66.2498 121.029 2.0 18.0 0 0 0 0 0 0 1 0 0 1
 66.3172 119.902 2.0 9.0 0 0 1 1 0 0 0 0 0 0
 66.5164 122.129 2.0 0.0 1 0 0 0 0 0 0 0 1 1
 66.7711 118.498 2.0 351.0 0 1 0 0 0 0 0 1 0 0
 67.373 121.439 2.0 18.0 0 0 0 0 0 0 1 0 0 0
 67.8391 119.741 2.0 0.0 1 0 0 0 0 0 0 0 0 0
 68.6275 121.802 2.0 18.0 0 0 0 0 0 0 1 0 0 1
 68.7865 120.293 2.0 9.0 0 0 1 1 0 0 0 0 0 0
 69.0164 122.129 2.0 0.0 1 0 0 0 0 0 0 0 1 1
 69.2403 118.107 2.0 351.0 0 1 0 0 0 0 0 1 0 0
 69.7506 122.212 2.0 18.0 0 0 0 0 0 0 1 0 0 0
 70.3391 119.741 2.0 0.0 1 0 0 0 0 0 0 0 0 0
 71.0051 122.574 2.0 18.0 0 0 0 0 0 0 1 0 0 1
 71.2557 120.684 2.0 9.0 1 0 0 0 0 0 0 0 1 0
 71.5164 122.129 2.0 0.0 1 0 0 0 0 0 0 0 1 1
 71.7095 117.716 2.0 351.0 0 1 0 0 0 0 0 1 0 0
 72.1283 122.985 2.0 18.0 0 0 0 0 0 0 1 0 0 0
 72.8391 119.741 2.0 0.0 1 0 0 0 0 0 0 0 0 0
 72.9008 120.607 2.0 18.0 0 0 0 0 0 0 1 0 0 0
 73.3828 123.347 2.0 18.0 0 0 0 0 0 0 1 0 0 1
 73.6734 118.229 2.0 18.0 0 0 0 0 0 0 1 0 0 0
 73.7249 121.075 2.0 9.0 1 0 0 0 0 0 0 0 1 0
 74.0164 122.129 2.0 0.0 1 0 0 0 0 0 0 0 1 1
 74.1787 117.325 2.0 351.0 0 1 0 0 0 0 0 1 0 0
 74.4459 115.852 2.0 18.0 0 0 0 0 0 0 1 0 0 0
 75.3391 119.741 2.0 0.0 1 0 0 0 0 0 0 0 0 0
 75.7604 124.119 2.0 18.0 0 0 0 0 0 0 1 0 0 1
 76.1941 121.466 2.0 9.0 1 0 0 0 0 0 0 0 1 0
 76.5164 122.129 2.0 0.0 1 0 0 0 0 0 0 0 1 1
 76.648 116.934 2.0 351.0 0 1 0 0 0 0 0 1 0 0
 76.8235 116.624 2.0 18.0 0 0 0 0 0 0 1 0 0 0
 77.8391 119.741 2.0 0.0 1 0 0 0 0 0 0 0 0 0
 78.138 124.892 2.0 18.0 0 0 0 0 0 0 1 0 0 1
 78.6634 121.857 2.0 9.0 1 0 0 0 0 0 0 0 1 0
 79.0164 122.129 2.0 0.0 1 0 0 0 0 0 0 0 1 1
 79.1172 116.542 2.0 351.0 0 1 0 0 0 0 0 1 0 0
 79.2012 117.397 2.0 18.0 0 0 0 0 0 0 1 0 0 0
 80.3391 119.741 2.0 0.0 1 0 0 0 0 0 0 0 0 0
 80.5157 125.664 2.0 18.0 0 0 0 0 0 0 1 0 0 1
 81.1326 122.248 2.0 9.0 1 0 0 0 0 0 0 0 1 0
 81.5164 122.129 2.0 0.0 1 0 0 0 0 0 0 0 1 1
 81.5788 118.169 2.0 18.0 0 0 0 0 0 0 1 0 0 0
 81.5864 116.151 2.0 351.0 0 1 0 0 0 0 0 1 0 0
 82.8083 120.132 2.0 9.0 1 0 0 0 0 0 0 0 0 0
 82.8933 126.437 2.0 18.0 0 0 0 0 0 0 1 0 0 1
 83.6018 122.639 2.0 9.0 1 0 0 0 0 0 0 0 1 0
 83.9565 118.942 2.0 18.0 0 0 0 0 0 0 1 0 0 0
 84.0164 122.129 2.0 0.0 1 0 0 0 0 0 0 0 1 1
 84.0556 115.76 2.0 351.0 0 1 0 0 0 0 0 1 0 0
 85.271 127.209 2.0 18.0 0 0 0 0 0 0 1 0 0 1
 85.2775 120.523 2.0 9.0 1 0 0 0 0 0 0 0 0 0
 86.0435 124.832 2.0 18.0 0 0 0 0 0 0 1 0 0 1
 86.071 123.03 2.0 9.0 1 0 0 0 0 0 0 0 1 0
 86.3341 119.714 2.0 18.0 1 0 0 0 0 1 0 0 0 0
 86.5164 122.129 2.0 0.0 0 0 0 0 0 0 0 0 0 0
 86.5249 115.369 2.0 351.0 0 1 0 0 0 0 0 1 0 0
 86.8161 122.454 2.0 18.0 0 0 0 0 0 0 0 0 0 0
 87.7467 120.915 2.0 9.0 0 1 0 0 0 0 0 0 0 0
 88.5403 123.421 2.0 9.0 1 0 0 0 0 0 0 0 1 0
 88.7117 120.487 2.0 18.0 1 0 0 0 0 1 0 0 0 0
 88.9941 114.978 2.0 351.0 0 1 0 0 0 0 0 1 0 0
 89.0164 122.129 2.0 0.0 0 0 0 0 0 0 0 0 0 0
 89.1937 123.227 2.0 18.0 0 0 0 0 0 0 0 0 0 0
 90.216 121.306 2.0 9.0 0 1 0 0 0 0 0 0 0 0
 91.0095 123.812 2.0 9.0 1 0 0 0 0 0 0 0 1 0
 91.0894 121.259 2.0 18.0 1 0 0 0 0 1 0 0 0 0
 91.4633 114.587 2.0 351.0 0 1 0 0 0 0 0 1 0 0
 91.5164 122.129 2.0 0.0 0 0 0 0 0 0 0 0 0 0
 91.5713 123.999 2.0 18.0 0 0 0 0 0 0 0 0 0 0
 92.6852 121.697 2.0 9.0 0 1 0 0 0 0 0 0 0 0
 93.467 122.032 2.0 18.0 1 0 0 0 0 1 0 0 0 0
 93.4787 124.204 2.0 9.0 1 0 0 0 0 0 0 0 1 0
 93.9325 114.196 2.0 18.0 0 1 0 0 0 0 0 1 0 0
 93.9325 114.196 2.0 27.0 0 1 0 0 0 0 0 1 0 0
 93.9325 114.196 2.0 351.0 0 1 0 0 0 0 0 1 0 0
 93.9325 114.196 2.0 36.0 0 1 0 0 0 0 0 1 0 0
 93.9325 114.196 2.0 360.0 0 1 0 0 0 0 0 1 0 0
 93.9325 114.196 2.0 45.0 0 1 0 0 0 0 0 1 0 0
 93.9325 114.196 2.0 54.0 0 1 0 0 0 0 0 1 0 0
 93.9325 114.196 2.0 63.0 0 1 0 0 0 0 0 1 0 0
 93.9325 114.196 2.0 72.0 0 1 0 0 0 0 0 1 0 0
 93.9325 114.196 2.0 81.0 0 1 0 0 0 0 0 1 0 0
 93.9325 114.196 2.0 9.0 0 1 0 0 0 0 0 1 0 0
 93.9325 116.696 2.0 90.0 0 1 0 0 0 0 0 1 0 0
 93.9325 119.196 2.0 90.0 0 1 0 0 0 0 0 1 0 0
 93.9325 121.696 2.0 90.0 1 0 0 0 0 0 0 0 0 0
 93.9325 124.196 2.0 90.0 1 0 0 0 0 0 0 0 0 0
 93.9325 126.696 2.0 90.0 1 0 0 0 0 0 0 0 0 0
 93.9325 129.196 2.0 90.0 1 0 0 0 0 0 0 0 0 0
 93.9325 131.696 2.0 90.0 1 0 0 0 0 0 0 0 0 0
 93.9325 134.196 2.0 90.0 1 0 0 0 0 0 0 0 0 0
 93.9325 136.696 2.0 90.0 1 0 0 0 0 0 0 0 0 0
 93.9325 139.196 2.0 90.0 1 0 0 0 0 0 0 0 0 0
 93.9325 141.696 2.0 90.0 1 0 0 0 0 0 0 0 0 0
 93.9325 144.196 2.0 90.0 1 0 0 0 0 0 0 0 0 0
 93.9325 146.696 2.0 90.0 1 0 0 0 0 0 0 0 0 0
 93.9325 149.196 2.0 90.0 1 0 0 0 0 0 0 0 0 0
 93.9325 151.696 2.0 90.0 1 0 0 0 0 0 0 0 0 0
 93.9325 154.196 2.0 90.0 1 0 0 0 0 0 0 0 0 0
 93.9325 156.696 2.0 90.0 1 0 0 0 0 0 0 0 0 0
 93.9325 159.196 2.0 90.0 1 0 0 0 0 0 0 0 0 0
 93.9325 161.696 2.0 18.0 1 0 0 0 0 0 0 0 0 0
 93.9325 161.696 2.0 27.0 1 0 0 0 0 0 0 0 0 0
 93.9325 161.696 2.0 36.0 1 0 0 0 0 0 0 0 0 0
 93.9325 161.696 2.0 45.0 1 0 0 0 0 0 0 0 0 0
 93.9325 161.696 2.0 54.0 1 0 0 0 0 0 0 0 0 0
 93.9325 161.696 2.0 63.0 1 0 0 0 0 0 0 0 0 0
 93.9325 161.696 2.0 72.0 1 0 0 0 0 0 0 0 0 0
 93.9325 161.696 2.0 81.0 1 0 0 0 0 0 0 0 0 0
 93.9325 161.696 2.0 9.0 1 0 0 0 0 0 0 0 0 0
 93.9325 161.696 2.0 90.0 1 0 0 0 0 0 0 0 0 0
 93.949 124.772 2.0 18.0 0 0 0 0 0 0 0 0 0 0
 93.949 124.772 2.0 27.0 0 0 0 0 0 0 0 0 0 0
 93.949 124.772 2.0 36.0 0 0 0 0 0 0 0 0 0 0
 93.949 124.772 2.0 45.0 0 0 0 0 0 0 0 0 0 0
 93.949 124.772 2.0 54.0 0 0 0 0 0 0 0 0 0 0
 94.0164 122.129 2.0 0.0 0 0 0 0 0 0 0 0 0 0
 95.084 126.999 2.0 63.0 0 0 0 0 0 0 0 0 0 0
 95.1544 122.088 2.0 9.0 0 1 0 0 0 0 0 0 0 0
 95.8447 122.805 2.0 18.0 1 0 0 0 0 1 0 0 0 0
 95.9479 124.595 2.0 18.0 1 0 0 0 0 0 0 0 1 0
 95.9479 124.595 2.0 27.0 1 0 0 0 0 0 0 0 1 0
 95.9479 124.595 2.0 36.0 0 1 0 0 0 0 0 0 1 0
 95.9479 124.595 2.0 45.0 0 1 0 0 0 0 0 0 1 0
 95.9479 124.595 2.0 54.0 0 1 0 0 0 0 0 0 1 0
 95.9479 124.595 2.0 63.0 0 1 0 0 0 0 0 0 1 0
 95.9479 124.595 2.0 72.0 0 1 0 0 0 0 0 0 1 0
 95.9479 124.595 2.0 9.0 1 0 0 0 0 0 0 0 1 0
 96.2189 129.227 2.0 63.0 0 0 0 0 0 0 0 0 0 0
 96.339 127.064 2.0 81.0 0 1 0 0 0 0 0 0 1 0
 96.4325 161.696 2.0 0.0 0 1 0 0 0 0 0 0 0 0
 96.5164 122.129 2.0 0.0 0 0 0 0 0 0 0 0 0 0
 96.5164 122.129 2.0 18.0 0 0 0 0 0 0 0 0 0 0
 96.5164 122.129 2.0 27.0 0 0 0 0 0 0 0 0 0 0
 96.5164 122.129 2.0 36.0 0 0 0 0 0 0 0 0 0 0
 96.5164 122.129 2.0 45.0 0 0 0 0 0 0 0 0 0 0
 96.5164 122.129 2.0 54.0 0 0 0 0 0 0 0 0 0 0
 96.5164 122.129 2.0 63.0 0 0 0 0 0 0 0 0 0 0
 96.5164 122.129 2.0 72.0 0 0 0 0 0 0 0 0 0 0
 96.5164 122.129 2.0 9.0 0 0 0 0 0 0 0 0 0 0
 96.6772 128.332 2.0 18.0 1 0 0 0 0 1 0 0 0 0
 96.7301 129.533 2.0 81.0 0 1 0 0 0 0 0 0 1 0
 96.9075 124.598 2.0 81.0 0 0 0 0 0 0 0 0 0 0
 97.1212 132.002 2.0 81.0 0 1 0 0 0 0 0 0 1 0
 97.2986 127.067 2.0 81.0 0 0 0 0 0 0 0 0 0 0
 97.3539 131.454 2.0 63.0 0 0 0 0 0 0 0 0 0 0
 97.4498 125.955 2.0 18.0 1 0 0 0 0 1 0 0 0 0
 97.5098 133.86 2.0 18.0 1 0 0 0 0 1 0 0 0 0
 97.5123 134.472 2.0 81.0 0 1 0 0 0 0 0 0 1 0
 97.6236 122.479 2.0 9.0 0 1 0 0 0 0 0 0 0 0
 97.6896 129.537 2.0 81.0 0 0 0 0 0 0 0 0 0 0
 97.9033 136.941 2.0 81.0 0 1 0 0 0 0 0 0 1 0
 98.0807 132.006 2.0 81.0 0 0 0 0 0 0 0 0 0 0
 98.2223 123.577 2.0 18.0 1 0 0 0 0 1 0 0 0 0
 98.2823 131.483 2.0 18.0 1 0 0 0 0 1 0 0 0 0
 98.2944 139.41 2.0 81.0 0 1 0 0 0 0 0 0 1 0
 98.4023 147.293 2.0 18.0 0 0 0 0 0 0 1 0 0 0
 98.4718 134.475 2.0 81.0 0 0 0 0 0 0 0 0 0 0
 98.4718 136.975 2.0 90.0 0 0 0 0 0 0 0 0 0 0
 98.4718 139.475 2.0 90.0 0 0 0 0 0 0 0 0 0 0
 98.4718 141.975 2.0 90.0 0 0 0 0 0 0 0 0 0 0
 98.4718 144.475 2.0 90.0 0 0 0 0 0 0 0 0 0 0
 98.4718 146.975 2.0 90.0 0 0 0 0 0 0 0 0 0 0
 98.4718 149.475 2.0 90.0 0 0 0 0 0 0 0 0 0 0
 98.4718 151.975 2.0 90.0 0 0 0 0 0 0 0 0 0 0
 98.4718 154.475 2.0 72.0 0 0 0 0 0 0 0 0 0 0
 98.4718 154.475 2.0 81.0 0 0 0 0 0 0 0 0 0 0
 98.4718 154.475 2.0 90.0 0 0 0 0 0 0 0 0 0 0
 98.4889 133.682 2.0 63.0 0 0 0 0 0 0 0 0 0 0
 98.6855 141.879 2.0 81.0 0 1 0 0 0 0 0 0 1 0
 98.9325 161.696 2.0 0.0 0 1 0 0 0 0 0 0 0 0
 99.0548 129.105 2.0 18.0 1 0 0 0 0 1 0 0 0 0
 99.0766 144.348 2.0 81.0 0 1 0 0 0 0 0 0 1 0
 99.1149 137.01 2.0 18.0 0 0 0 0 0 0 1 0 0 0
 99.1749 144.916 2.0 18.0 0 0 0 0 0 0 1 0 0 0
 99.4677 146.818 2.0 81.0 0 1 0 0 0 0 0 0 1 0
 99.6068 156.703 2.0 63.0 0 0 0 0 0 0 0 0 0 0
 99.6239 135.909 2.0 63.0 0 0 0 0 0 0 0 0 0 0
 99.8587 149.287 2.0 81.0 0 1 0 0 0 0 0 0 1 0
 99.8874 134.633 2.0 18.0 1 0 0 0 0 1 0 0 0 0
 99.9474 142.538 2.0 18.0 0 0 0 0 0 0 1 0 0 0
 100.093 122.87 2.0 18.0 0 1 0 0 0 0 0 0 0 0
 100.093 122.87 2.0 27.0 0 1 0 0 0 0 0 0 0 0
 100.093 122.87 2.0 36.0 0 1 0 0 0 0 0 0 0 0
 100.093 122.87 2.0 45.0 0 1 0 0 0 0 0 0 0 0
 100.093 122.87 2.0 54.0 0 1 0 0 0 0 0 0 0 0
 100.093 122.87 2.0 63.0 0 1 0 0 0 0 0 0 0 0
 100.093 122.87 2.0 72.0 0 1 0 0 0 0 0 0 0 0
 100.093 122.87 2.0 81.0 0 1 0 0 0 0 0 0 0 0
 100.093 122.87 2.0 9.0 0 1 0 0 0 0 0 0 0 0
 100.093 125.37 2.0 90.0 0 1 0 0 0 0 0 0 0 0
 100.093 127.87 2.0 90.0 0 1 0 0 0 0 0 0 0 0
 100.093 130.37 2.0 90.0 0 1 0 0 0 0 0 0 0 0
 100.093 132.87 2.0 90.0 0 1 0 0 0 0 0 0 0 0
 100.093 135.37 2.0 90.0 0 1 0 0 0 0 0 0 0 0
 100.093 137.87 2.0 90.0 0 1 0 0 0 0 0 0 0 0
 100.093 140.37 2.0 90.0 0 1 0 0 0 0 0 0 0 0
 100.093 142.87 2.0 90.0 0 1 0 0 0 0 0 0 0 0
 100.093 145.37 2.0 90.0 0 1 0 0 0 0 0 0 0 0
 100.093 147.87 2.0 90.0 0 1 0 0 0 0 0 0 0 0
 100.093 150.37 2.0 90.0 0 1 0 0 0 0 0 0 0 0
 100.093 152.87 2.0 90.0 0 1 0 0 0 0 0 0 0 0
 100.093 155.37 2.0 90.0 0 1 0 0 0 0 0 0 0 0
 100.093 157.87 2.0 90.0 0 1 0 0 0 0 0 0 0 0
 100.093 160.37 2.0 90.0 0 1 0 0 0 0 0 0 0 0
 100.093 162.87 2.0 90.0 0 1 0 0 0 0 0 0 0 0
 100.093 165.37 2.0 27.0 0 0 0 0 0 0 0 0 0 0
 100.093 165.37 2.0 36.0 0 0 0 0 0 0 0 0 0 0
 100.093 165.37 2.0 45.0 0 0 0 0 0 0 0 0 0 0
 100.093 165.37 2.0 54.0 0 0 0 0 0 0 0 0 0 0
 100.093 165.37 2.0 63.0 0 0 0 0 0 0 0 0 0 0
 100.093 165.37 2.0 72.0 0 0 0 0 0 0 0 0 0 0
 100.093 165.37 2.0 81.0 0 1 0 0 0 0 0 0 0 0
 100.093 165.37 2.0 90.0 0 1 0 0 0 0 0 0 0 0
 100.25 151.756 2.0 81.0 0 1 0 0 0 0 0 0 1 0
 100.641 154.225 2.0 81.0 0 1 0 0 0 0 0 0 1 0
 100.72 140.161 2.0 18.0 0 0 0 0 0 0 1 0 0 0
 100.742 158.93 2.0 63.0 0 0 0 0 0 0 0 0 0 0
 100.759 138.137 2.0 63.0 0 0 0 0 0 0 0 0 0 0
 100.78 148.066 2.0 18.0 0 0 0 0 0 0 1 0 0 0
 101.032 156.695 2.0 81.0 0 1 0 0 0 0 0 0 1 0
 101.423 159.164 2.0 81.0 0 1 0 0 0 0 0 0 1 0
 101.433 161.696 2.0 0.0 0 1 0 0 0 0 0 0 0 0
 101.613 153.594 2.0 18.0 0 0 0 0 0 0 1 0 0 0
 101.814 161.633 2.0 36.0 1 0 0 0 0 0 0 0 1 0
 101.814 161.633 2.0 45.0 1 0 0 0 0 0 0 0 1 0
 101.814 161.633 2.0 54.0 1 0 0 0 0 0 0 0 1 0
 101.814 161.633 2.0 63.0 1 0 0 0 0 0 0 0 1 0
 101.814 161.633 2.0 72.0 0 1 0 0 0 0 0 0 1 0
 101.814 161.633 2.0 81.0 0 1 0 0 0 0 0 0 1 0
 101.877 161.158 2.0 36.0 0 0 0 0 0 0 0 0 0 0
 101.877 161.158 2.0 45.0 0 0 0 0 0 0 0 0 0 0
 101.877 161.158 2.0 54.0 0 0 0 0 0 0 0 0 0 0
 101.877 161.158 2.0 63.0 0 0 0 0 0 0 0 0 0 0
 101.894 140.364 2.0 63.0 0 0 0 0 0 0 0 0 0 0
 101.979 151.545 2.0 63.0 0 0 0 0 0 0 0 0 0 0
 102.385 151.216 2.0 18.0 0 0 0 0 0 0 1 0 0 0
 102.47 166.142 2.0 18.0 0 0 0 0 0 0 0 0 0 0
 103.029 142.592 2.0 63.0 0 0 0 0 0 0 0 0 0 0
 103.114 153.772 2.0 63.0 0 0 0 0 0 0 0 0 0 0
 103.158 148.839 2.0 18.0 0 0 0 0 0 0 1 0 0 0
 103.933 161.696 2.0 0.0 0 1 0 0 0 0 0 0 0 0
 103.99 154.366 2.0 18.0 0 0 0 0 0 0 1 0 0 0
 104.042 162.768 2.0 27.0 1 0 0 0 0 0 0 0 1 0
 104.104 162.293 2.0 27.0 0 0 0 0 0 0 0 0 0 0
 104.164 144.82 2.0 63.0 0 0 0 0 0 0 0 0 0 0
 104.206 150.41 2.0 63.0 0 0 0 0 0 0 0 0 0 0
 104.249 156.0 2.0 18.0 0 0 0 0 0 0 0 0 0 0
 104.249 156.0 2.0 27.0 0 0 0 0 0 0 0 0 0 0
 104.249 156.0 2.0 36.0 0 0 0 0 0 0 0 0 0 0
 104.249 156.0 2.0 45.0 0 0 0 0 0 0 0 0 0 0
 104.249 156.0 2.0 54.0 0 0 0 0 0 0 0 0 0 0
 104.249 156.0 2.0 63.0 0 0 0 0 0 0 0 0 0 0
 104.848 166.915 2.0 18.0 1 1 0 0 0 0 0 0 0 0
 105.299 147.047 2.0 63.0 0 0 0 0 0 0 0 0 0 0
 106.269 163.903 2.0 18.0 1 0 0 0 0 0 0 0 1 0
 106.269 163.903 2.0 27.0 1 0 0 0 0 0 0 0 1 0
 106.332 163.428 2.0 18.0 0 0 0 0 0 0 0 0 0 0
 106.332 163.428 2.0 27.0 0 0 0 0 0 0 0 0 0 0
 106.332 163.428 2.0 9.0 0 0 0 0 0 0 0 0 0 0
 106.368 155.139 2.0 18.0 0 0 0 0 0 0 1 0 0 0
 106.433 161.696 2.0 0.0 0 1 0 0 0 0 0 0 0 0
 106.434 149.275 2.0 63.0 0 0 0 0 0 0 0 0 0 0
 106.718 156.391 2.0 9.0 0 0 0 0 0 0 0 0 0 0
 107.317 167.306 2.0 0.0 1 1 0 0 0 0 0 0 0 0
 107.317 167.306 2.0 9.0 1 1 0 0 0 0 0 0 0 0
 108.738 164.294 2.0 9.0 1 0 0 0 0 0 0 0 1 0
 108.745 155.911 2.0 18.0 0 0 0 0 0 0 1 0 0 0
 108.832 163.428 2.0 0.0 0 0 0 0 0 0 0 0 0 0
 108.933 161.696 2.0 0.0 0 1 0 0 0 0 0 0 0 0
 109.13 161.825 2.0 9.0 1 0 0 0 0 0 0 0 1 0
 109.187 156.782 2.0 9.0 0 0 0 0 0 0 0 0 0 0
 109.787 166.915 2.0 351.0 1 1 0 0 0 0 0 0 0 0
 111.123 156.684 2.0 18.0 0 0 0 0 0 0 1 0 0 0
 111.332 163.428 2.0 0.0 0 0 0 0 0 0 0 0 0 0
 111.433 161.696 2.0 0.0 0 1 0 0 0 0 0 0 0 0
 111.63 161.825 2.0 0.0 1 0 0 0 0 0 0 0 1 0
 111.656 157.173 2.0 9.0 0 0 0 0 0 0 0 0 0 0
 112.256 166.524 2.0 351.0 1 1 0 0 0 0 0 0 0 0
 113.501 157.457 2.0 18.0 0 0 0 0 0 0 1 0 0 0
 113.832 163.428 2.0 0.0 0 0 0 0 0 0 0 0 0 0
 113.933 161.696 2.0 0.0 0 1 0 0 0 0 0 0 0 0
 114.126 157.564 2.0 9.0 0 0 0 0 0 0 0 0 0 0
 114.13 161.825 2.0 0.0 1 0 0 0 0 0 0 0 1 0
 114.725 166.133 2.0 351.0 0 0 0 0 0 0 0 0 0 0
 115.878 158.229 2.0 18.0 0 0 0 0 0 0 1 0 0 0
 116.332 163.428 2.0 0.0 0 0 0 0 0 0 0 0 0 0
 116.433 161.696 2.0 0.0 0 1 0 0 0 0 0 0 0 0
 116.595 157.955 2.0 9.0 0 0 0 0 0 0 0 0 0 0
 116.63 161.825 2.0 0.0 1 0 0 0 0 0 0 0 1 0
 117.194 165.742 2.0 351.0 0 0 0 0 0 0 0 0 0 0
 118.256 159.002 2.0 18.0 0 0 0 0 0 0 1 0 0 0
 118.832 163.428 2.0 0.0 1 1 0 0 0 0 0 0 1 0
 118.933 161.696 2.0 0.0 0 1 0 0 0 0 0 0 0 0
 119.064 158.346 2.0 9.0 0 0 0 0 0 0 0 0 0 0
 119.13 161.825 2.0 0.0 1 0 0 0 0 0 0 0 1 0
 119.663 165.351 2.0 351.0 0 0 0 0 0 0 0 0 0 0
 120.634 159.774 2.0 18.0 0 0 0 0 0 0 1 0 0 0
 121.332 163.428 2.0 0.0 1 1 0 0 0 0 0 0 1 0
 121.433 161.696 2.0 0.0 0 1 0 0 0 0 0 0 0 0
 121.533 158.737 2.0 9.0 0 0 0 0 0 0 0 0 0 0
 121.63 161.825 2.0 0.0 1 0 0 0 0 0 0 0 1 0
 122.133 164.96 2.0 351.0 0 0 0 0 0 0 0 0 0 0
 123.011 160.547 2.0 18.0 0 1 0 0 0 1 0 0 0 0
 123.832 163.428 2.0 0.0 1 1 0 0 0 0 0 0 1 0
 123.933 161.696 2.0 0.0 0 1 0 0 0 0 0 0 0 0
 124.002 159.128 2.0 9.0 0 0 0 0 0 0 0 0 0 0
 124.13 161.825 2.0 0.0 1 0 0 0 0 0 0 0 1 0
 124.602 164.569 2.0 351.0 0 0 0 0 0 0 0 0 0 0
 125.389 161.319 2.0 18.0 0 1 0 0 0 1 0 0 0 0
 126.332 163.428 2.0 0.0 1 1 0 0 0 0 0 0 1 0
 126.433 161.696 2.0 0.0 0 1 0 0 0 0 0 0 0 0
 126.472 159.519 2.0 9.0 0 0 0 0 0 0 0 0 0 0
 126.63 161.825 2.0 0.0 1 0 0 0 0 0 0 0 1 0
 127.071 164.177 2.0 351.0 0 0 0 0 0 0 0 0 0 0
 127.767 162.092 2.0 18.0 0 1 0 0 0 1 0 0 0 0
 128.832 163.428 2.0 0.0 1 1 0 0 0 0 0 0 1 0
 128.933 161.696 2.0 0.0 0 1 0 0 0 0 0 0 0 0
 128.941 159.91 2.0 9.0 0 0 0 0 0 0 0 0 0 0
 129.13 161.825 2.0 0.0 1 0 0 0 0 0 0 0 1 0
 129.54 163.786 2.0 351.0 0 0 0 0 0 0 0 0 0 0
 130.144 162.864 2.0 18.0 0 1 0 0 0 1 0 0 0 0
 131.332 163.428 2.0 0.0 1 1 0 0 0 0 0 0 1 0
 131.332 163.428 2.0 351.0 1 1 0 0 0 0 0 0 1 0
 131.41 160.301 2.0 9.0 0 0 0 0 0 0 0 0 0 0
 131.433 161.696 2.0 0.0 0 1 0 0 0 0 0 0 0 0
 131.63 161.825 2.0 0.0 0 0 0 0 0 0 0 0 0 0
 132.01 163.395 2.0 351.0 0 0 0 0 0 0 0 0 0 0
 132.522 163.637 2.0 18.0 0 1 0 0 0 1 0 0 0 0
 133.709 162.655 2.0 342.0 1 1 0 0 0 0 0 0 1 0
 133.879 160.693 2.0 9.0 0 0 0 0 0 0 0 0 0 0
 133.933 161.696 2.0 0.0 0 1 0 0 0 0 0 0 0 0
 134.13 161.825 2.0 0.0 0 0 0 0 0 0 0 0 0 0
 134.13 161.825 2.0 306.0 0 1 0 0 1 0 0 0 0 0
 134.13 161.825 2.0 315.0 0 1 0 0 1 0 0 0 0 0
 134.13 161.825 2.0 324.0 0 0 0 0 0 0 0 0 0 0
 134.13 161.825 2.0 333.0 0 0 0 0 0 0 0 0 0 0
 134.13 161.825 2.0 342.0 0 0 0 0 0 0 0 0 0 0
 134.13 161.825 2.0 351.0 0 0 0 0 0 0 0 0 0 0
 134.479 163.004 2.0 351.0 0 0 0 0 0 0 0 0 0 0
 134.899 164.409 2.0 18.0 0 1 0 0 0 1 0 0 0 0
 135.264 159.597 2.0 297.0 0 1 0 0 1 0 0 0 0 0
 135.672 162.032 2.0 18.0 0 1 0 0 0 1 0 0 0 0
 136.087 161.883 2.0 315.0 1 1 0 0 0 0 0 0 1 0
 136.087 161.883 2.0 324.0 1 1 0 0 0 0 0 0 1 0
 136.087 161.883 2.0 333.0 1 1 0 0 0 0 0 0 1 0
 136.087 161.883 2.0 342.0 1 1 0 0 0 0 0 0 1 0
 136.349 161.084 2.0 9.0 0 0 0 0 0 0 0 0 0 0
 136.399 157.37 2.0 297.0 0 1 0 0 1 0 0 0 0 0
 136.433 161.696 2.0 0.0 0 1 0 0 0 0 0 0 0 0
 136.948 162.613 2.0 351.0 0 0 0 0 0 0 0 0 0 0
 137.534 155.142 2.0 297.0 0 1 0 0 1 0 0 0 0 0
 137.557 159.86 2.0 306.0 1 1 0 0 0 0 0 0 1 0
 138.05 162.804 2.0 18.0 0 1 0 0 0 1 0 0 0 0
 138.473 154.345 2.0 306.0 1 1 0 0 0 0 0 0 1 0
 138.669 152.915 2.0 297.0 0 1 0 0 1 0 0 0 0 0
 138.818 161.475 2.0 9.0 0 0 0 0 0 0 0 0 0 0
 138.822 160.427 2.0 18.0 0 1 0 0 0 1 0 0 0 0
 138.933 161.696 2.0 0.0 0 1 0 0 0 0 0 0 0 0
 138.933 161.696 2.0 288.0 0 1 0 0 0 0 0 0 0 0
 138.933 161.696 2.0 297.0 0 1 0 0 0 0 0 0 0 0
 138.933 161.696 2.0 306.0 0 1 0 0 0 0 0 0 0 0
 138.933 161.696 2.0 315.0 0 1 0 0 0 0 0 0 0 0
 138.933 161.696 2.0 324.0 0 1 0 0 0 0 0 0 0 0
 138.933 161.696 2.0 333.0 0 1 0 0 0 0 0 0 0 0
 138.933 161.696 2.0 342.0 0 1 0 0 0 0 0 0 0 0
 138.933 161.696 2.0 351.0 0 1 0 0 0 0 0 0 0 0
 139.026 157.837 2.0 306.0 1 1 0 0 0 0 0 0 1 0
 139.324 159.227 2.0 279.0 1 0 0 0 0 0 0 0 0 0
 139.417 162.222 2.0 351.0 0 0 0 0 0 0 0 0 0 0
 139.715 156.758 2.0 279.0 1 0 0 0 0 0 0 0 0 0
 139.804 150.687 2.0 297.0 0 1 0 0 1 0 0 0 0 0
 139.942 152.323 2.0 306.0 1 1 0 0 0 0 0 0 1 0
 140.106 154.288 2.0 279.0 1 0 0 0 0 0 0 0 0 0
 140.495 155.815 2.0 306.0 1 1 0 0 0 0 0 0 1 0
 140.497 151.819 2.0 279.0 1 0 0 0 0 0 0 0 0 0
 140.888 149.35 2.0 279.0 1 0 0 0 0 0 0 0 0 0
 140.939 148.46 2.0 297.0 0 1 0 0 1 0 0 0 0 0
 141.2 161.199 2.0 18.0 0 1 0 0 0 1 0 0 0 0
 141.279 146.881 2.0 279.0 1 0 0 0 0 0 0 0 0 0
 141.287 161.866 2.0 9.0 0 0 0 0 0 0 0 0 0 0
 141.412 150.3 2.0 306.0 1 1 0 0 0 0 0 0 1 0
 141.67 144.411 2.0 279.0 1 0 0 0 0 0 0 0 0 0
 141.678 159.397 2.0 9.0 0 0 0 0 0 0 0 0 0 0
 141.886 161.831 2.0 351.0 0 0 0 0 0 0 0 0 0 0
 141.972 158.822 2.0 18.0 0 1 0 0 0 1 0 0 0 0
 142.061 141.942 2.0 279.0 1 0 0 0 0 0 0 0 0 0
 142.069 156.927 2.0 9.0 0 0 0 0 0 0 0 0 0 0
 142.074 146.232 2.0 297.0 0 1 0 0 1 0 0 0 0 0
 142.452 139.473 2.0 279.0 1 0 0 0 0 0 0 0 0 0
 142.46 154.458 2.0 9.0 0 0 0 0 0 0 0 0 0 0
 142.745 156.444 2.0 18.0 0 1 0 0 0 1 0 0 0 0
 142.843 137.004 2.0 279.0 1 0 0 0 0 0 0 0 0 0
 142.843 137.004 2.0 288.0 1 0 0 0 0 0 0 0 0 0
 142.843 137.004 2.0 297.0 1 0 0 0 0 0 0 0 0 0
 142.843 137.004 2.0 306.0 1 0 0 0 0 0 0 0 0 0
 142.843 137.004 2.0 315.0 1 0 0 0 0 0 0 0 0 0
 142.843 137.004 2.0 324.0 1 0 0 0 0 0 0 0 0 0
 142.843 137.004 2.0 333.0 1 0 0 0 0 0 0 0 0 0
 142.843 137.004 2.0 342.0 1 0 0 0 0 0 0 0 0 0
 142.843 137.004 2.0 351.0 1 0 0 0 0 0 0 0 0 0
 142.851 151.989 2.0 9.0 0 0 0 0 0 0 0 0 0 0
 142.881 148.278 2.0 306.0 1 1 0 0 0 0 0 0 1 0
 143.209 144.005 2.0 297.0 0 1 0 0 1 0 0 0 0 0
 143.242 149.52 2.0 9.0 0 0 1 0 0 0 0 0 0 0
 143.517 154.066 2.0 18.0 0 1 0 0 0 1 0 0 0 0
 143.634 147.05 2.0 9.0 0 0 1 0 0 0 0 0 0 0
 144.025 144.581 2.0 9.0 0 0 1 0 0 0 0 0 0 0
 144.29 151.689 2.0 18.0 1 0 0 0 0 1 1 0 0 0
 144.344 141.777 2.0 297.0 0 1 0 0 1 0 0 0 0 0
 144.344 141.777 2.0 306.0 0 1 0 0 1 0 0 0 0 0
 144.344 141.777 2.0 315.0 0 1 0 0 1 0 0 0 0 0
 144.344 141.777 2.0 324.0 0 1 0 0 1 0 0 0 0 0
 144.344 141.777 2.0 333.0 0 1 0 0 1 0 0 0 0 0
 144.344 141.777 2.0 342.0 0 1 0 0 1 0 0 0 0 0
 144.344 141.777 2.0 351.0 0 1 0 0 1 0 0 0 0 0
 144.351 146.255 2.0 306.0 1 1 0 0 0 0 0 0 1 0
 144.356 143.94 2.0 270.0 1 0 0 0 0 0 0 0 0 0
 144.356 143.94 2.0 279.0 1 0 0 0 0 0 0 0 0 0
 144.356 143.94 2.0 288.0 1 0 0 0 0 0 0 0 0 0
 144.356 143.94 2.0 297.0 1 0 0 0 0 0 0 0 0 0
 144.356 143.94 2.0 306.0 1 0 0 0 0 0 0 0 0 0
 144.356 143.94 2.0 315.0 1 0 0 0 0 0 0 0 0 0
 144.356 143.94 2.0 324.0 1 0 0 0 0 0 0 0 0 0
 144.356 143.94 2.0 333.0 1 0 0 0 0 0 0 0 0 0
 144.356 146.44 2.0 270.0 1 0 0 0 0 0 0 0 0 0
 144.356 148.94 2.0 270.0 1 0 0 0 0 0 0 0 0 0
 144.356 151.44 2.0 270.0 1 0 0 0 0 0 0 0 0 0
 144.356 153.94 2.0 270.0 1 0 0 0 0 0 0 0 0 0
 144.356 156.44 2.0 270.0 1 0 0 0 0 0 0 0 0 0
 144.356 158.94 2.0 270.0 1 0 0 0 0 0 0 0 0 0
 144.356 161.44 2.0 279.0 1 0 0 0 0 0 0 0 0 0
 144.356 161.44 2.0 288.0 1 0 0 0 0 0 0 0 0 0
 144.356 161.44 2.0 297.0 1 0 0 0 0 0 0 0 0 0
 144.356 161.44 2.0 306.0 1 0 0 0 0 0 0 0 0 0
 144.356 161.44 2.0 315.0 1 0 0 0 0 0 0 0 0 0
 144.356 161.44 2.0 324.0 1 0 0 0 0 0 0 0 0 0
 144.356 161.44 2.0 333.0 1 0 0 0 0 0 0 0 0 0
 144.356 161.44 2.0 342.0 0 0 0 0 0 0 0 0 0 0
 144.356 161.44 2.0 351.0 0 0 0 0 0 0 0 0 0 0
 144.416 142.112 2.0 9.0 0 0 1 0 0 0 0 0 0 0
 144.807 139.643 2.0 9.0 0 0 1 0 0 0 0 0 0 0
 145.063 149.311 2.0 18.0 1 0 0 0 0 1 1 0 0 0
 145.343 137.004 2.0 360.0 1 0 0 0 0 0 0 0 0 0
 145.82 144.233 2.0 306.0 1 1 0 0 0 0 0 0 1 0
 145.82 144.233 2.0 315.0 1 1 0 0 0 0 0 0 1 0
 145.82 144.233 2.0 324.0 1 1 0 0 0 0 0 0 1 0
 145.835 146.933 2.0 18.0 1 0 0 0 0 1 1 0 0 0
 146.608 144.556 2.0 18.0 1 0 0 0 0 1 1 0 0 0
 146.733 143.167 2.0 342.0 1 0 0 0 0 0 0 0 0 0
 146.844 141.777 2.0 18.0 1 0 1 0 0 0 0 0 0 0
 146.844 141.777 2.0 27.0 1 0 1 0 0 0 0 0 0 0
 146.844 141.777 2.0 36.0 1 0 1 0 0 0 0 0 0 0
 146.844 141.777 2.0 360.0 1 0 1 0 0 0 0 0 0 0
 146.844 141.777 2.0 9.0 1 0 1 0 0 0 0 0 0 0
 147.276 140.034 2.0 9.0 0 0 1 0 0 0 0 0 0 0
 147.38 142.178 2.0 18.0 1 0 0 0 0 1 1 0 0 0
 147.843 137.004 2.0 360.0 1 0 0 0 0 0 0 0 0 0
 148.048 143.098 2.0 333.0 1 1 0 0 0 0 0 0 1 0
 148.612 143.545 2.0 45.0 1 0 1 0 0 0 0 0 0 0
 149.111 142.395 2.0 342.0 1 0 0 0 0 0 0 0 0 0
 149.745 140.425 2.0 9.0 0 0 1 0 0 0 0 0 0 0
 149.758 142.951 2.0 18.0 1 0 0 0 0 1 1 0 0 0
 150.082 145.567 2.0 54.0 1 0 1 0 0 0 0 0 0 0
 150.275 141.963 2.0 333.0 1 1 0 0 0 0 0 0 1 0
 150.343 137.004 2.0 360.0 1 0 0 0 0 0 0 0 0 0
 151.489 141.622 2.0 342.0 1 0 0 0 0 0 0 0 0 0
 151.551 147.59 2.0 54.0 1 0 1 0 0 0 0 0 0 0
 152.135 143.723 2.0 18.0 1 0 0 0 0 1 1 0 0 0
 152.214 140.816 2.0 9.0 0 0 1 0 0 0 0 0 0 0
 152.503 140.828 2.0 18.0 1 1 0 0 0 0 0 0 1 0
 152.503 140.828 2.0 27.0 1 1 0 0 0 0 0 0 1 0
 152.503 140.828 2.0 333.0 1 1 0 0 0 0 0 0 1 0
 152.503 140.828 2.0 342.0 1 1 0 0 0 0 0 0 1 0
 152.503 140.828 2.0 351.0 1 1 0 0 0 0 0 0 1 0
 152.503 140.828 2.0 36.0 1 1 0 0 0 0 0 0 1 0
 152.503 140.828 2.0 360.0 1 1 0 0 0 0 0 0 1 0
 152.503 140.828 2.0 45.0 1 1 0 0 0 0 0 0 1 0
 152.503 140.828 2.0 54.0 1 1 0 0 0 0 0 0 1 0
 152.503 140.828 2.0 63.0 1 1 0 0 0 0 0 0 1 0
 152.503 140.828 2.0 9.0 1 1 0 0 0 0 0 0 1 0
 152.843 137.004 2.0 360.0 1 0 0 0 0 0 0 0 0 0
 153.02 149.612 2.0 54.0 1 0 1 0 0 0 0 0 0 0
 153.275 143.205 2.0 72.0 1 1 0 0 0 0 0 0 1 0
 153.866 140.85 2.0 18.0 1 0 0 0 0 0 0 0 0 0
 153.866 140.85 2.0 27.0 1 0 0 0 0 0 0 0 0 0
 153.866 140.85 2.0 342.0 1 0 0 0 0 0 0 0 0 0
 153.866 140.85 2.0 351.0 1 0 0 0 0 0 0 0 0 0
 153.866 140.85 2.0 36.0 1 0 0 0 0 0 0 0 0 0
 153.866 140.85 2.0 360.0 1 0 0 0 0 0 0 0 0 0
 153.866 140.85 2.0 45.0 1 0 0 0 0 0 0 0 0 0
 153.866 140.85 2.0 54.0 1 0 0 0 0 0 0 0 0 0
 153.866 140.85 2.0 63.0 1 0 0 0 0 0 0 0 0 0
 153.866 140.85 2.0 9.0 1 0 0 0 0 0 0 0 0 0
 154.048 145.583 2.0 72.0 1 1 0 0 0 0 0 0 1 0
 154.49 151.635 2.0 54.0 1 0 1 0 0 0 0 0 0 0
 154.513 144.496 2.0 18.0 1 0 0 0 0 1 1 0 0 0
 154.639 143.227 2.0 72.0 1 0 0 0 0 0 0 0 0 0
 154.684 141.207 2.0 9.0 0 0 1 0 0 0 0 0 0 0
 154.82 147.961 2.0 72.0 1 1 0 0 0 0 0 0 1 0
 155.343 137.004 2.0 360.0 1 0 0 0 0 0 0 0 0 0
 155.411 145.605 2.0 72.0 1 0 0 0 0 0 0 0 0 0
 155.593 150.338 2.0 72.0 1 1 0 0 0 0 0 0 1 0
 156.184 147.983 2.0 72.0 1 0 0 0 0 0 0 0 0 0
 156.891 145.268 2.0 18.0 1 0 0 0 0 1 1 0 0 0
 156.956 150.36 2.0 72.0 1 0 0 0 0 0 0 0 0 0
 157.153 141.598 2.0 9.0 0 0 1 0 0 0 0 0 0 0
 157.215 146.881 2.0 99.0 0 0 0 0 0 0 0 0 0 0
 157.215 149.381 2.0 90.0 0 0 0 0 0 0 0 0 0 0
 157.215 151.881 2.0 90.0 0 0 0 0 0 0 0 0 0 0
 157.606 144.411 2.0 99.0 0 0 0 0 0 0 0 0 0 0
 157.723 150.796 2.0 18.0 1 0 0 0 0 1 1 0 0 0
 157.843 137.004 2.0 360.0 1 0 0 0 0 0 0 0 0 0
 157.997 141.942 2.0 99.0 0 0 0 0 0 0 0 0 0 0
 158.388 139.473 2.0 99.0 0 0 0 0 0 0 0 0 0 0
 158.496 148.418 2.0 18.0 1 0 0 0 0 1 1 0 0 0
 158.779 137.004 2.0 99.0 1 1 0 0 0 0 0 0 0 0
 159.17 134.535 2.0 99.0 1 1 0 0 0 0 0 0 0 0
 159.268 146.041 2.0 18.0 1 0 0 0 0 1 1 0 0 0
 159.561 132.065 2.0 18.0 1 1 0 0 0 0 0 0 0 0
 159.561 132.065 2.0 261.0 0 1 0 0 0 0 0 0 0 0
 159.561 132.065 2.0 27.0 1 1 0 0 0 0 0 0 0 0
 159.561 132.065 2.0 270.0 1 1 0 0 0 0 0 0 0 0
 159.561 132.065 2.0 279.0 1 1 0 0 0 0 0 0 0 0
 159.561 132.065 2.0 288.0 1 1 0 0 0 0 0 0 0 0
 159.561 132.065 2.0 297.0 1 1 0 0 0 0 0 0 0 0
 159.561 132.065 2.0 306.0 1 1 0 0 0 0 0 0 0 0
 159.561 132.065 2.0 315.0 1 1 0 0 0 0 0 0 0 0
 159.561 132.065 2.0 324.0 1 1 0 0 0 0 0 0 0 0
 159.561 132.065 2.0 333.0 1 1 0 0 0 0 0 0 0 0
 159.561 132.065 2.0 342.0 1 1 0 0 0 0 0 0 0 0
 159.561 132.065 2.0 351.0 1 1 0 0 0 0 0 0 0 0
 159.561 132.065 2.0 36.0 1 1 0 0 0 0 0 0 0 0
 159.561 132.065 2.0 360.0 1 1 0 0 0 0 0 0 0 0
 159.561 132.065 2.0 45.0 1 1 0 0 0 0 0 0 0 0
 159.561 132.065 2.0 54.0 1 1 0 0 0 0 0 0 0 0
 159.561 132.065 2.0 63.0 1 1 0 0 0 0 0 0 0 0
 159.561 132.065 2.0 72.0 1 1 0 0 0 0 0 0 0 0
 159.561 132.065 2.0 81.0 1 1 0 0 0 0 0 0 0 0
 159.561 132.065 2.0 9.0 1 1 0 0 0 0 0 0 0 0
 159.561 132.065 2.0 90.0 1 1 0 0 0 0 0 0 0 0
 159.622 141.989 2.0 9.0 0 0 1 0 0 0 0 0 0 0
 159.952 134.535 2.0 261.0 0 1 0 0 0 0 0 0 0 0
 160.343 137.004 2.0 270.0 0 1 0 0 0 0 0 0 0 0
 160.343 137.004 2.0 279.0 0 1 0 0 0 0 0 0 0 0
 160.343 137.004 2.0 288.0 0 1 0 0 0 0 0 0 0 0
 160.343 137.004 2.0 297.0 0 1 0 0 0 0 0 0 0 0
 160.343 137.004 2.0 306.0 0 1 0 0 0 0 0 0 0 0
 160.343 137.004 2.0 315.0 0 1 0 0 0 0 0 0 0 0
 160.343 137.004 2.0 324.0 0 1 0 0 0 0 0 0 0 0
 160.343 137.004 2.0 333.0 1 0 0 0 0 0 0 0 0 0
 160.343 137.004 2.0 342.0 1 0 0 0 0 0 0 0 0 0
 160.343 137.004 2.0 351.0 1 0 0 0 0 0 0 0 0 0
 160.343 137.004 2.0 360.0 1 0 0 0 0 0 0 0 0 0
 160.527 152.257 2.0 9.0 0 0 1 0 0 0 0 0 0 0
 160.918 149.788 2.0 9.0 0 0 1 0 0 0 0 0 0 0
 161.309 147.319 2.0 9.0 0 0 1 0 0 0 0 0 0 0
 161.7 144.85 2.0 9.0 0 0 1 0 0 0 0 0 0 0
 162.091 142.38 2.0 9.0 0 0 1 0 0 0 0 0 0 0
