 14.5248 54.5691 2.0 99.0 0 0 0 0 0 0 0 1 0 0
 14.9159 52.0999 2.0 99.0 0 0 0 0 0 0 0 0 0 0
 15.307 49.6306 2.0 99.0 0 0 0 0 0 0 0 0 0 0
 15.698 47.1614 2.0 99.0 0 0 0 0 0 0 0 0 0 0
 16.0891 44.6922 2.0 99.0 0 0 0 0 0 0 0 0 0 0
 16.4802 42.223 2.0 99.0 0 0 0 0 0 0 0 0 0 0
 16.8713 39.7538 2.0 99.0 0 0 0 0 0 0 0 0 0 0
 16.994 54.9602 2.0 27.0 0 0 0 0 1 0 0 0 0 0
 16.994 54.9602 2.0 36.0 0 0 0 0 1 0 0 0 0 0
 16.994 54.9602 2.0 45.0 0 0 0 0 1 0 0 0 0 0
 16.994 54.9602 2.0 54.0 0 0 0 0 1 0 0 0 0 0
 16.994 54.9602 2.0 63.0 0 0 0 0 1 0 0 0 0 0
 16.994 54.9602 2.0 72.0 0 0 0 0 1 0 0 0 0 0
 16.994 54.9602 2.0 81.0 0 0 0 0 1 0 0 0 0 0
 16.994 54.9602 2.0 90.0 0 0 0 0 0 0 0 1 0 0
 16.994 54.9602 2.0 99.0 0 0 0 0 0 0 0 1 0 0
 17.2624 37.2845 2.0 99.0 0 0 0 0 0 0 0 0 0 0
 17.6535 34.8153 2.0 99.0 0 0 0 0 0 0 0 0 0 0
 18.0446 32.3461 2.0 99.0 0 0 1 1 0 0 0 0 0 0
 18.4357 29.8769 2.0 99.0 0 0 1 1 0 0 0 0 0 0
 18.8267 27.4077 2.0 99.0 0 0 1 1 0 0 0 0 0 0
 19.2178 24.9384 2.0 99.0 0 0 1 1 0 0 0 0 0 0
 19.3717 55.7327 2.0 18.0 0 0 0 0 1 0 0 0 0 0
 19.6089 22.4692 2.0 99.0 0 0 1 1 0 0 0 0 0 0
 20.0 20.0 2.0 108.0 0 0 1 1 0 0 0 0 0 0
 20.0 20.0 2.0 117.0 0 0 1 1 0 0 0 0 0 0
 20.0 20.0 2.0 126.0 0 0 1 1 0 0 0 0 0 0
 20.0 20.0 2.0 135.0 0 0 1 1 0 0 0 0 0 0
 20.0 20.0 2.0 144.0 0 0 1 1 0 0 0 0 0 0
 20.0 20.0 2.0 153.0 0 0 1 1 0 0 0 0 0 0
 20.0 20.0 2.0 162.0 0 0 1 1 0 0 0 0 0 0
 20.0 20.0 2.0 171.0 0 0 1 1 0 0 0 0 0 0
 20.0 20.0 2.0 180.0 0 0 1 1 0 0 0 0 0 0
 20.0 20.0 2.0 189.0 0 0 1 1 0 0 0 0 0 0
 20.0 20.0 2.0 198.0 0 0 1 1 0 0 0 0 0 0
 20.0 20.0 2.0 207.0 0 0 1 1 0 0 0 0 0 0
 20.0 20.0 2.0 216.0 0 0 1 1 0 0 0 0 0 0
 20.0 20.0 2.0 225.0 0 0 1 1 0 0 0 0 0 0
 20.0 20.0 2.0 234.0 0 0 1 1 0 0 0 0 0 0
 20.0 20.0 2.0 243.0 0 0 1 1 0 0 0 0 0 0
 20.0 20.0 2.0 252.0 0 0 1 1 0 0 0 0 0 0
 20.0 20.0 2.0 261.0 0 0 1 1 0 0 0 0 0 0
 20.0 20.0 2.0 270.0 0 0 0 0 0 0 0 0 0 0
 20.0 20.0 2.0 279.0 0 0 0 0 0 0 0 0 0 0
 20.0 20.0 2.0 288.0 0 0 0 0 0 0 0 0 0 0
 20.0 20.0 2.0 297.0 0 0 0 0 0 0 0 0 0 0
 20.0 20.0 2.0 306.0 0 0 0 0 0 0 0 0 0 0
 20.0 20.0 2.0 315.0 0 0 0 0 0 0 0 0 0 0
 20.0 20.0 2.0 324.0 0 0 0 0 0 0 0 0 0 0
 20.0 20.0 2.0 333.0 0 0 0 0 0 0 0 0 0 0
 20.0 20.0 2.0 342.0 0 0 0 0 0 0 0 0 0 0
 20.0 22.5 2.0 18.0 1 0 0 0 1 0 0 0 0 0
 20.0 22.5 2.0 27.0 1 0 0 0 1 0 0 0 0 0
 20.0 22.5 2.0 36.0 1 0 0 0 1 0 0 0 0 0
 20.0 22.5 2.0 45.0 1 0 0 0 1 0 0 0 0 0
 20.0 22.5 2.0 54.0 0 0 0 1 0 0 0 0 0 0
 20.0 22.5 2.0 63.0 0 0 0 1 0 0 0 0 0 0
 20.0 22.5 2.0 72.0 0 0 0 1 0 0 0 0 0 0
 20.0 22.5 2.0 81.0 0 0 0 1 0 0 0 0 0 0
 20.0 22.5 2.0 9.0 1 0 0 0 1 0 0 0 0 0
 20.0 25.0 2.0 0.0 0 1 1 1 1 0 0 0 0 0
 20.0 25.0 2.0 18.0 0 1 1 1 1 0 0 0 0 0
 20.0 25.0 2.0 27.0 0 1 1 1 1 0 0 0 0 0
 20.0 25.0 2.0 36.0 0 1 1 1 1 0 0 0 0 0
 20.0 25.0 2.0 45.0 0 1 1 1 1 0 0 0 0 0
 20.0 25.0 2.0 54.0 0 1 1 1 1 0 0 0 0 0
 20.0 25.0 2.0 63.0 0 1 1 1 1 0 0 0 0 0
 20.0 25.0 2.0 72.0 0 1 1 1 1 0 0 0 0 0
 20.0 25.0 2.0 9.0 0 1 1 1 1 0 0 0 0 0
 20.0 25.0 2.0 90.0 0 0 0 1 0 0 0 0 0 0
 20.0 27.5 2.0 0.0 1 0 0 0 0 1 0 0 0 0
 20.0 27.5 2.0 90.0 0 0 0 1 0 0 0 0 0 0
 20.0 30.0 2.0 0.0 1 0 0 0 0 1 0 0 0 0
 20.0 30.0 2.0 90.0 0 1 0 0 1 0 0 0 0 0
 20.0 32.5 2.0 0.0 1 0 0 0 0 1 0 0 0 0
 20.0 32.5 2.0 90.0 0 1 0 0 1 0 0 0 0 0
 20.0 35.0 2.0 0.0 1 0 0 0 0 1 0 0 0 0
 20.0 35.0 2.0 90.0 0 1 0 0 1 0 0 0 0 0
 20.0 37.5 2.0 0.0 1 0 0 0 0 1 0 0 0 0
 20.0 37.5 2.0 90.0 0 1 0 0 1 0 0 0 0 0
 20.0 40.0 2.0 0.0 1 0 0 0 0 1 0 0 0 0
 20.0 40.0 2.0 90.0 0 1 0 0 1 0 0 0 0 0
 20.0 42.5 2.0 0.0 1 0 0 0 0 1 0 0 0 0
 20.0 42.5 2.0 90.0 0 1 0 0 1 0 0 0 0 0
 20.0 45.0 2.0 0.0 1 0 0 0 0 1 0 0 0 0
 20.0 45.0 2.0 90.0 0 1 0 0 1 0 0 0 0 0
 20.0 47.5 2.0 0.0 1 0 0 0 0 1 0 0 0 0
 20.0 47.5 2.0 90.0 0 1 0 0 1 0 0 0 0 0
 20.0 50.0 2.0 0.0 1 0 0 0 0 1 0 0 0 0
 20.0 50.0 2.0 90.0 0 1 0 0 1 0 0 0 0 0
 20.0 52.5 2.0 0.0 1 0 0 0 0 1 0 0 0 0
 20.0 52.5 2.0 36.0 0 0 0 1 0 0 0 0 0 0
 20.0 52.5 2.0 45.0 0 1 0 0 1 0 0 0 0 0
 20.0 52.5 2.0 54.0 0 1 0 0 1 0 0 0 0 0
 20.0 52.5 2.0 63.0 0 1 0 0 1 0 0 0 0 0
 20.0 52.5 2.0 72.0 0 1 0 0 1 0 0 0 0 0
 20.0 52.5 2.0 81.0 0 1 0 0 1 0 0 0 0 0
 20.0 52.5 2.0 90.0 0 1 0 0 1 0 0 0 0 0
 20.0 55.0 2.0 0.0 1 0 0 0 0 1 0 0 0 0
 20.3911 27.4692 2.0 81.0 0 1 1 1 1 0 0 0 0 0
 20.7822 29.9384 2.0 81.0 0 1 1 1 1 0 0 0 0 0
 21.1733 32.4077 2.0 81.0 0 1 1 1 1 0 0 0 0 0
 21.5643 34.8769 2.0 81.0 0 1 1 1 1 0 0 0 0 0
 21.7493 56.5052 2.0 18.0 0 0 0 0 1 0 0 0 0 0
 21.9554 37.3461 2.0 81.0 0 0 1 1 0 0 0 0 0 0
 22.2275 53.635 2.0 27.0 0 0 0 1 0 0 0 0 0 0
 22.3465 39.8153 2.0 81.0 0 0 1 1 0 0 0 0 0 0
 22.5 25.0 2.0 0.0 1 0 0 0 0 1 0 0 0 0
 22.5 27.5 2.0 0.0 1 0 0 0 0 1 1 0 0 0
 22.5 30.0 2.0 0.0 1 0 0 0 0 1 1 0 0 0
 22.5 32.5 2.0 0.0 1 0 0 0 0 1 1 0 0 0
 22.5 35.0 2.0 0.0 1 0 0 0 0 1 1 0 0 0
 22.5 37.5 2.0 0.0 1 0 0 0 0 1 1 0 0 0
 22.5 40.0 2.0 0.0 1 0 0 0 0 1 1 0 0 0
 22.5 42.5 2.0 0.0 1 0 0 0 0 1 1 0 0 0
 22.5 45.0 2.0 0.0 1 0 0 0 0 1 1 0 0 0
 22.5 47.5 2.0 0.0 1 0 0 0 0 1 1 0 0 0
 22.5 50.0 2.0 0.0 1 0 0 0 0 1 1 0 0 0
 22.5 52.5 2.0 0.0 1 0 0 0 0 1 1 0 0 0
 22.5 55.0 2.0 0.0 1 0 0 0 0 1 0 0 0 0
 22.5 55.0 2.0 0.0 1 0 0 0 0 1 1 0 0 0
 22.5 57.5 2.0 0.0 1 0 0 0 0 1 1 0 0 0
 22.5 60.0 2.0 0.0 1 0 0 0 0 1 1 0 0 0
 22.5 62.5 2.0 0.0 1 0 0 0 0 1 1 0 0 0
 22.5 65.0 2.0 0.0 1 0 0 0 0 1 1 0 0 0
 22.5 67.5 2.0 0.0 1 0 0 0 0 1 1 0 0 0
 22.5 70.0 2.0 0.0 1 0 0 0 0 1 1 0 0 0
 22.7376 42.2845 2.0 81.0 0 0 1 1 0 0 0 0 0 0
 23.1287 44.7538 2.0 81.0 0 0 1 1 0 0 0 0 0 0
 23.5198 47.223 2.0 81.0 0 0 1 1 0 0 0 0 0 0
 23.9109 49.6922 2.0 81.0 0 0 1 1 0 0 0 0 0 0
 24.1269 57.2778 2.0 18.0 0 0 0 0 1 0 0 0 0 0
 24.302 52.1614 2.0 81.0 0 0 1 1 0 0 0 0 0 0
 24.455 54.77 2.0 27.0 0 0 0 1 0 0 0 0 0 0
 24.693 54.6306 2.0 81.0 0 0 1 1 0 0 0 0 0 0
 25.0 55.0 2.0 0.0 1 0 0 0 0 1 0 0 0 0
 25.0 65.0 2.0 0.0 1 0 0 0 0 1 1 0 0 0
 25.0841 57.0999 2.0 81.0 0 0 1 1 0 0 0 0 0 0
 25.4752 59.5691 2.0 81.0 0 0 1 1 0 0 0 0 0 0
 25.8663 62.0383 2.0 81.0 0 0 1 1 0 0 0 0 0 0
 26.2574 64.5075 2.0 81.0 0 0 1 1 0 0 0 0 0 0
 26.5046 58.0503 2.0 18.0 0 0 0 0 1 0 0 0 0 0
 26.5046 58.0503 2.0 18.0 0 0 0 1 0 0 0 0 0 0
 26.5046 58.0503 2.0 27.0 0 0 0 1 0 0 0 0 0 0
 26.5046 58.0503 2.0 36.0 0 0 0 1 0 0 0 0 0 0
 26.5046 58.0503 2.0 45.0 0 0 0 1 0 0 0 0 0 0
 26.6485 66.9767 2.0 81.0 0 0 1 1 0 0 0 0 0 0
 26.6825 55.9049 2.0 27.0 0 0 0 1 0 0 0 0 0 0
 27.5 57.5 2.0 0.0 1 0 0 0 0 1 0 0 0 0
 27.5 65.0 2.0 0.0 1 0 0 0 0 1 1 0 0 0
 27.974 60.0729 2.0 54.0 0 0 0 1 0 0 0 0 0 0
 28.9101 57.0399 2.0 27.0 0 0 0 1 0 0 0 0 0 0
 29.1177 66.5857 2.0 81.0 0 0 1 1 0 0 0 0 0 0
 29.4435 62.0954 2.0 54.0 0 0 0 1 0 0 0 0 0 0
 30.0 57.5 2.0 0.0 1 0 0 0 0 1 0 0 0 0
 30.0 65.0 2.0 0.0 1 0 0 0 0 1 1 0 0 0
 30.913 64.118 2.0 54.0 0 0 0 1 0 0 0 0 0 0
 31.1376 58.1749 2.0 27.0 0 0 0 1 0 0 0 0 0 0
 31.5869 66.1946 2.0 81.0 0 0 1 1 0 0 0 0 0 0
 32.3824 66.1405 2.0 54.0 0 0 0 1 0 0 0 0 0 0
 32.5 57.5 2.0 0.0 0 0 1 1 0 0 0 0 0 0
 32.5 65.0 2.0 0.0 1 0 0 0 0 1 1 0 0 0
 33.3651 59.3099 2.0 27.0 0 0 0 1 0 0 0 0 0 0
 33.8519 68.163 2.0 54.0 0 1 0 0 0 0 0 0 0 0
 34.0561 65.8035 2.0 81.0 0 0 1 1 0 0 0 0 0 0
 35.0 57.5 2.0 0.0 0 0 1 1 0 0 0 0 0 0
 35.0 65.0 2.0 0.0 1 0 0 0 0 1 1 0 0 0
 35.3214 70.1856 2.0 54.0 0 1 0 0 0 0 0 0 0 0
 35.5926 60.4448 2.0 27.0 0 0 0 1 0 0 0 0 0 0
 35.5926 60.4448 2.0 36.0 0 0 0 1 0 0 0 0 0 0
 35.5926 60.4448 2.0 45.0 0 0 0 1 0 0 0 0 0 0
 35.5926 60.4448 2.0 54.0 0 0 0 1 0 0 0 0 0 0
 35.5926 60.4448 2.0 63.0 0 0 0 1 0 0 0 0 0 0
 35.5926 60.4448 2.0 72.0 0 0 0 1 0 0 0 0 0 0
 35.5926 60.4448 2.0 81.0 0 0 0 1 0 0 0 0 0 0
 35.5926 62.9448 2.0 90.0 0 0 0 1 0 0 0 0 0 0
 35.5926 65.4448 2.0 90.0 1 0 0 0 1 0 0 0 0 0
 35.5926 67.9448 2.0 90.0 1 0 0 0 1 0 0 0 0 0
 35.5926 70.4448 2.0 90.0 1 0 0 0 1 0 0 0 0 0
 35.5926 72.9448 2.0 90.0 1 0 0 0 1 0 0 0 0 0
 35.5926 75.4448 2.0 90.0 1 0 0 0 1 0 0 0 0 0
 35.5926 77.9448 2.0 36.0 0 0 0 1 0 0 0 0 0 0
 35.5926 77.9448 2.0 45.0 0 0 0 1 0 0 0 0 0 0
 35.5926 77.9448 2.0 54.0 0 0 0 1 0 0 0 0 0 0
 35.5926 77.9448 2.0 63.0 1 0 0 0 1 0 0 0 0 0
 35.5926 77.9448 2.0 72.0 1 0 0 0 1 0 0 0 0 0
 35.5926 77.9448 2.0 81.0 1 0 0 0 1 0 0 0 0 0
 35.5926 77.9448 2.0 90.0 1 0 0 0 1 0 0 0 0 0
 36.5254 65.4124 2.0 81.0 0 0 1 1 0 0 0 0 0 0
 36.7908 72.2081 2.0 54.0 0 1 0 0 0 0 0 0 0 0
 36.9164 67.8816 2.0 81.0 0 0 1 1 0 0 0 0 0 0
 37.3075 70.3509 2.0 81.0 0 0 1 1 0 0 0 0 0 0
 37.5 42.5 2.0 0.0 0 0 1 1 0 0 0 0 0 0
 37.5 45.0 2.0 0.0 0 0 1 1 0 0 0 0 0 0
 37.5 45.0 2.0 0.0 1 0 0 0 0 1 0 0 0 0
 37.5 47.5 2.0 0.0 0 0 1 1 0 0 0 0 0 0
 37.5 47.5 2.0 0.0 1 0 0 0 0 0 0 1 0 0
 37.5 50.0 2.0 0.0 0 0 1 1 0 0 0 0 0 0
 37.5 50.0 2.0 0.0 1 0 0 0 0 0 0 1 0 0
 37.5 52.5 2.0 0.0 0 0 1 1 0 0 0 0 0 0
 37.5 52.5 2.0 0.0 1 0 0 0 0 0 0 1 0 0
 37.5 55.0 2.0 0.0 0 0 1 1 0 0 0 0 0 0
 37.5 55.0 2.0 0.0 1 0 0 0 0 0 0 1 0 0
 37.5 57.5 2.0 0.0 0 0 1 1 0 0 0 0 0 0
 37.5 57.5 2.0 0.0 1 0 0 0 0 0 0 1 0 0
 37.5 60.0 2.0 0.0 1 0 0 0 0 0 0 1 0 0
 37.5 62.5 2.0 0.0 1 0 0 0 0 0 0 1 0 0
 37.5 65.0 2.0 0.0 1 0 0 0 0 0 0 1 0 0
 37.5 65.0 2.0 0.0 1 0 0 0 0 1 1 0 0 0
 37.5 67.5 2.0 0.0 1 0 0 0 0 0 0 1 0 0
 37.5 67.5 2.0 0.0 1 0 0 0 0 1 0 0 0 0
 37.5 70.0 2.0 0.0 1 0 0 0 0 0 0 1 0 0
 37.5 70.0 2.0 0.0 1 0 0 0 0 1 0 0 0 0
 37.5 72.5 2.0 0.0 1 0 0 0 0 0 0 1 0 0
 37.5 72.5 2.0 0.0 1 0 0 0 0 1 0 0 0 0
 37.5 75.0 2.0 0.0 1 0 0 0 0 0 0 1 0 0
 37.5 75.0 2.0 0.0 1 0 0 0 0 1 0 0 0 0
 37.5 77.5 2.0 0.0 0 0 0 0 0 0 1 0 0 0
 37.5 77.5 2.0 0.0 1 0 0 0 0 0 0 1 0 0
 37.5 80.0 2.0 0.0 0 0 0 0 0 0 1 0 0 0
 37.5 80.0 2.0 0.0 1 0 0 0 0 0 0 1 0 0
 37.5 82.5 2.0 0.0 0 0 0 0 0 0 1 0 0 0
 37.6986 72.8201 2.0 81.0 0 0 0 0 0 0 0 0 0 0
 37.8201 79.0798 2.0 18.0 0 0 0 1 0 0 0 0 0 0
 37.8201 79.0798 2.0 27.0 0 0 0 1 0 0 0 0 0 0
 38.0897 75.2893 2.0 45.0 0 0 0 0 1 0 0 0 0 0
 38.0897 75.2893 2.0 54.0 0 0 0 0 1 0 0 0 0 0
 38.0897 75.2893 2.0 63.0 0 0 0 0 1 0 0 0 0 0
 38.0897 75.2893 2.0 72.0 0 0 0 0 1 0 0 0 0 0
 38.0897 75.2893 2.0 81.0 0 0 0 0 0 0 0 0 0 0
 38.2603 74.2307 2.0 54.0 0 1 0 0 0 0 0 0 0 0
 39.7297 76.2532 2.0 54.0 0 1 0 0 0 0 0 0 0 0
 40.0 80.0 2.0 0.0 1 0 0 0 0 0 0 1 0 0
 40.0 82.5 2.0 0.0 0 0 0 0 0 0 1 0 0 0
 40.1122 76.7588 2.0 36.0 0 0 0 0 1 0 0 0 0 0
 40.2893 79.4709 2.0 9.0 0 0 0 1 0 0 0 0 0 0
 41.1992 78.2758 2.0 54.0 0 1 0 0 0 0 0 0 0 0
 41.5817 74.7362 2.0 36.0 0 0 1 1 0 0 0 0 0 0
 42.5 80.0 2.0 0.0 0 0 1 1 0 0 0 0 0 0
 42.5 82.5 2.0 0.0 0 0 0 0 0 0 1 0 0 0
 42.6687 80.2983 2.0 18.0 1 0 0 0 0 0 0 0 0 0
 42.6687 80.2983 2.0 27.0 0 1 0 0 0 0 0 0 0 0
 42.6687 80.2983 2.0 36.0 0 1 0 0 0 0 0 0 0 0
 42.6687 80.2983 2.0 45.0 0 1 0 0 0 0 0 0 0 0
 42.6687 80.2983 2.0 54.0 0 1 0 0 0 0 0 0 0 0
 42.7586 79.862 2.0 9.0 0 0 0 1 0 0 0 0 0 0
 43.0512 72.7137 2.0 36.0 0 0 1 1 0 0 0 0 0 0
 45.0 80.0 2.0 0.0 0 0 1 1 0 0 0 0 0 0
 45.0 82.5 2.0 0.0 0 0 0 0 0 0 1 0 0 0
 45.0737 74.1831 2.0 36.0 0 0 1 1 0 0 0 0 0 0
 45.1379 80.6894 2.0 9.0 1 0 0 0 0 0 0 0 0 0
 45.2278 80.2531 2.0 9.0 0 0 0 1 0 0 0 0 0 0
 47.0962 75.6526 2.0 36.0 0 0 1 1 0 0 0 0 0 0
 47.5 80.0 2.0 0.0 0 0 1 1 0 0 0 0 0 0
 47.5 82.5 2.0 0.0 1 0 0 0 0 1 1 0 0 0
 47.6071 81.0805 2.0 9.0 1 0 0 0 0 0 0 0 0 0
 47.697 80.6441 2.0 9.0 0 0 0 1 0 0 0 0 0 0
 49.1188 77.122 2.0 36.0 0 1 0 0 1 0 0 0 0 0
 50.0 80.0 2.0 0.0 0 0 1 1 0 0 0 0 0 0
 50.0 82.5 2.0 0.0 1 0 0 0 0 1 1 0 0 0
 50.0763 81.4716 2.0 9.0 1 0 0 0 0 0 0 0 0 0
 50.1662 81.0352 2.0 9.0 0 0 0 1 0 0 0 0 0 0
 51.1413 78.5915 2.0 36.0 0 1 0 0 1 0 0 0 0 0
 52.5 80.0 2.0 0.0 0 0 1 1 0 0 0 0 0 0
 52.5 82.5 2.0 0.0 1 0 0 0 0 1 1 0 0 0
 52.5455 81.8626 2.0 9.0 1 0 0 0 0 0 0 0 0 0
 52.6662 81.0352 2.0 0.0 0 0 0 1 0 0 0 0 0 0
 53.1639 80.061 2.0 36.0 0 1 0 0 1 0 0 0 0 0
 55.0 80.0 2.0 0.0 0 0 1 1 0 0 0 0 0 0
 55.0 82.5 2.0 0.0 1 0 0 0 0 1 1 0 0 0
 55.0148 82.2537 2.0 9.0 1 0 0 0 0 0 0 0 0 0
 55.1662 81.0352 2.0 0.0 0 0 0 1 0 0 0 0 0 0
 55.1864 81.5304 2.0 36.0 0 1 0 0 1 0 0 0 0 0
 57.209 82.9999 2.0 36.0 0 1 0 0 1 0 0 0 0 0
 57.484 82.6448 2.0 9.0 1 0 0 0 0 0 0 0 0 0
 57.5 80.0 2.0 0.0 0 0 1 1 0 0 0 0 0 0
 57.5 82.5 2.0 0.0 1 0 0 0 0 1 1 0 0 0
 57.6662 81.0352 2.0 0.0 0 0 0 1 0 0 0 0 0 0
 59.2315 84.4693 2.0 36.0 0 1 0 0 1 0 0 0 0 0
 59.9532 83.0359 2.0 9.0 1 0 0 0 0 0 0 0 0 0
 60.0 80.0 2.0 0.0 0 0 1 1 0 0 0 0 0 0
 60.0 82.5 2.0 0.0 1 0 0 0 0 1 1 0 0 0
 60.1662 81.0352 2.0 0.0 0 0 0 1 0 0 0 0 0 0
 61.254 85.9388 2.0 36.0 0 1 0 0 1 0 0 0 0 0
 62.4224 83.427 2.0 9.0 1 0 0 0 0 0 0 0 0 0
 62.5 80.0 2.0 0.0 0 0 1 1 0 0 0 0 0 0
 62.5 82.5 2.0 0.0 1 0 0 0 0 1 1 0 0 0
 62.6662 81.0352 2.0 0.0 1 0 0 0 1 0 0 0 0 0
 62.7235 83.9163 2.0 36.0 0 1 0 0 1 0 0 0 0 0
 64.193 81.8937 2.0 36.0 0 1 0 0 1 0 0 0 0 0
 65.0 80.0 2.0 0.0 0 0 1 1 0 0 0 0 0 0
 65.0 82.5 2.0 0.0 1 0 0 0 0 1 1 0 0 0
 65.1662 81.0352 2.0 0.0 1 0 0 0 1 0 0 0 0 0
 65.2827 81.3488 2.0 9.0 1 0 0 0 0 0 0 0 0 0
 65.6624 79.8712 2.0 36.0 1 0 1 0 1 0 0 0 0 0
 67.1319 77.8486 2.0 36.0 1 0 1 0 1 0 0 0 0 0
 67.5 80.0 2.0 0.0 0 0 1 1 0 0 0 0 0 0
 67.5 82.5 2.0 0.0 1 0 0 0 0 1 1 0 0 0
 67.6662 81.0352 2.0 0.0 1 0 0 0 1 0 0 0 0 0
 67.752 81.7399 2.0 9.0 1 0 0 0 0 0 0 0 0 0
 69.1544 79.3181 2.0 36.0 1 0 1 0 1 0 0 0 0 0
 70.0 80.0 2.0 0.0 0 0 1 1 0 0 0 0 0 0
 70.0 82.5 2.0 0.0 1 0 0 0 0 1 1 0 0 0
 70.1662 81.0352 2.0 0.0 1 0 0 0 1 0 0 0 0 0
 70.2212 82.131 2.0 9.0 0 0 0 0 0 0 0 0 0 0
 71.177 80.7875 2.0 36.0 1 0 1 0 1 0 0 0 0 0
 72.5 80.0 2.0 0.0 0 0 1 1 0 0 0 0 0 0
 72.5 82.5 2.0 0.0 1 0 0 0 0 1 1 0 0 0
 72.6662 81.0352 2.0 0.0 1 0 0 0 1 0 0 0 0 0
 72.6904 82.5221 2.0 9.0 0 0 0 0 0 0 0 0 0 0
 73.1995 82.257 2.0 36.0 1 0 1 0 1 0 0 0 0 0
 74.669 80.2345 2.0 36.0 1 0 1 0 1 0 0 0 0 0
 75.0 80.0 2.0 0.0 0 0 1 1 0 0 0 0 0 0
 75.0 82.5 2.0 0.0 1 0 0 0 0 1 1 0 0 0
 75.1596 82.9132 2.0 9.0 0 0 0 0 0 0 0 0 0 0
 75.1662 81.0352 2.0 0.0 1 0 0 0 1 0 0 0 0 0
 76.1384 78.2119 2.0 36.0 1 0 1 0 1 0 0 0 0 0
 76.1384 78.2119 2.0 45.0 1 0 1 0 1 0 0 0 0 0
 76.1384 78.2119 2.0 54.0 1 0 1 0 1 0 0 0 0 0
 77.5 80.0 2.0 0.0 0 0 1 1 0 0 0 0 0 0
 77.5 82.5 2.0 0.0 1 0 0 0 0 1 1 0 0 0
 77.6288 83.3042 2.0 9.0 0 0 0 0 0 0 0 0 0 0
 77.6662 81.0352 2.0 0.0 1 0 0 0 1 0 0 0 0 0
 78.366 79.3469 2.0 27.0 0 0 1 0 0 0 0 0 0 1
 80.0 80.0 2.0 0.0 0 0 1 1 0 0 0 0 0 0
 80.0 82.5 2.0 0.0 1 0 0 0 0 1 1 0 0 0
 80.0981 83.6953 2.0 9.0 0 0 0 0 0 0 0 0 0 0
 80.1662 81.0352 2.0 0.0 1 0 0 0 1 0 0 0 0 0
 80.5935 80.4819 2.0 27.0 0 0 1 0 0 0 0 0 0 1
 82.5 80.0 2.0 0.0 0 0 1 1 0 0 0 0 0 0
 82.5 82.5 2.0 0.0 1 0 0 0 0 1 1 0 0 0
 82.5673 84.0864 2.0 9.0 0 0 0 0 0 0 0 0 0 0
 82.6662 81.0352 2.0 0.0 1 0 0 0 1 0 0 0 0 0
 82.821 81.6169 2.0 27.0 0 0 1 0 0 0 0 0 0 1
 85.0 80.0 2.0 0.0 0 0 1 1 0 0 0 0 0 0
 85.0 82.5 2.0 0.0 1 0 0 0 0 1 1 0 0 0
 85.0365 84.4775 2.0 9.0 0 0 0 0 0 0 0 0 0 0
 85.0485 82.7518 2.0 27.0 0 0 1 0 0 0 0 0 0 1
 85.1662 81.0352 2.0 0.0 1 0 0 0 1 0 0 0 0 0
 87.276 83.8868 2.0 27.0 0 0 1 0 0 0 0 0 0 1
 87.5 80.0 2.0 0.0 0 0 1 1 0 0 0 0 0 0
 87.5 82.5 2.0 0.0 1 0 0 0 0 1 1 0 0 0
 87.5057 84.8686 2.0 9.0 0 0 0 0 0 0 0 0 0 0
 87.6662 81.0352 2.0 0.0 1 0 0 0 1 0 0 0 0 0
 89.5035 85.0218 2.0 27.0 0 0 1 0 0 0 0 0 0 1
 89.975 85.2597 2.0 9.0 0 0 0 0 0 0 0 0 0 0
 90.0 80.0 2.0 0.0 0 0 1 1 0 0 0 0 0 0
 90.0 82.5 2.0 0.0 1 0 0 0 0 1 1 0 0 0
 90.1662 81.0352 2.0 0.0 1 0 0 0 1 0 0 0 0 0
 91.731 86.1568 2.0 27.0 0 0 1 0 0 0 0 0 0 1
 92.4442 85.6507 2.0 9.0 0 0 0 0 0 0 0 0 0 0
 92.5 80.0 2.0 0.0 0 0 1 1 0 0 0 0 0 0
 92.5 82.5 2.0 0.0 1 0 0 0 0 1 1 0 0 0
 92.6662 81.0352 2.0 0.0 1 0 0 0 1 0 0 0 0 0
 93.9586 87.2917 2.0 0.0 0 1 0 0 0 0 0 0 0 0
 93.9586 87.2917 2.0 18.0 0 1 0 0 0 0 0 0 0 0
 93.9586 87.2917 2.0 27.0 0 0 0 0 0 0 0 0 0 0
 93.9586 87.2917 2.0 27.0 0 0 1 0 0 0 0 0 0 1
 93.9586 87.2917 2.0 351.0 0 1 0 0 0 0 0 0 0 0
 93.9586 87.2917 2.0 36.0 0 0 0 0 0 0 0 0 0 0
 93.9586 87.2917 2.0 360.0 0 1 0 0 0 0 0 0 0 0
 93.9586 87.2917 2.0 45.0 0 0 0 0 0 0 0 0 0 0
 93.9586 87.2917 2.0 54.0 0 0 0 0 0 0 0 0 0 0
 93.9586 87.2917 2.0 63.0 0 0 0 0 0 0 0 0 0 0
 93.9586 87.2917 2.0 72.0 0 0 0 0 0 0 0 0 0 0
 93.9586 87.2917 2.0 9.0 0 1 0 0 0 0 0 0 0 0
 94.3496 89.761 2.0 81.0 0 0 0 0 0 0 0 0 0 0
 94.7407 92.2302 2.0 81.0 0 0 0 0 0 0 0 0 0 0
 94.9134 86.0418 2.0 9.0 0 0 1 1 0 0 0 0 0 0
 95.0 100.0 2.0 0.0 1 0 0 0 0 1 0 0 0 0
 95.0 102.5 2.0 0.0 1 0 0 0 0 1 0 0 0 0
 95.0 105.0 2.0 0.0 1 0 0 0 0 1 0 0 0 0
 95.0 107.5 2.0 0.0 1 0 0 0 0 1 0 0 0 0
 95.0 110.0 2.0 0.0 1 0 0 0 0 1 0 0 0 0
 95.0 112.5 2.0 0.0 1 0 0 0 0 1 0 0 0 0
 95.0 115.0 2.0 0.0 1 0 0 0 0 1 0 0 0 0
 95.0 117.5 2.0 0.0 1 0 0 0 0 1 0 0 0 0
 95.0 120.0 2.0 0.0 1 0 0 0 0 1 0 0 0 0
 95.0 122.5 2.0 0.0 0 0 1 0 0 0 0 0 0 0
 95.0 125.0 2.0 0.0 0 0 1 0 0 0 0 0 0 0
 95.0 127.5 2.0 0.0 0 0 1 0 0 0 0 0 0 0
 95.0 130.0 2.0 0.0 0 0 1 0 0 0 0 0 0 0
 95.0 132.5 2.0 0.0 0 0 1 0 0 0 0 0 0 0
 95.0 135.0 2.0 0.0 0 0 1 0 0 0 0 0 0 0
 95.0 137.5 2.0 0.0 0 0 1 0 0 0 0 0 0 0
 95.0 80.0 2.0 0.0 0 0 1 1 0 0 0 0 0 0
 95.0 82.5 2.0 0.0 0 0 0 0 0 0 0 0 0 0
 95.0 82.5 2.0 0.0 1 0 0 0 0 1 1 0 0 0
 95.0 85.0 2.0 0.0 0 0 0 0 0 0 0 0 0 0
 95.0 87.5 2.0 0.0 0 0 0 0 0 0 0 0 0 0
 95.0 90.0 2.0 0.0 1 0 0 0 0 1 0 0 0 0
 95.0 92.5 2.0 0.0 1 0 0 0 0 1 0 0 0 0
 95.0 95.0 2.0 0.0 1 0 0 0 0 1 0 0 0 0
 95.0 97.5 2.0 0.0 1 0 0 0 0 1 0 0 0 0
 95.1318 94.6994 2.0 81.0 0 0 1 1 0 0 0 0 0 0
 95.1662 81.0352 2.0 0.0 1 0 0 0 1 0 0 0 0 0
 95.2816 131.661 2.0 18.0 1 0 0 0 0 0 0 0 0 0
 95.2816 131.661 2.0 27.0 1 0 0 0 0 0 0 0 0 0
 95.2816 131.661 2.0 36.0 1 0 0 0 0 0 0 0 0 0
 95.2816 131.661 2.0 45.0 1 0 0 0 0 0 0 0 0 0
 95.2816 131.661 2.0 54.0 1 0 0 0 0 0 0 0 0 0
 95.2816 131.661 2.0 63.0 1 0 0 0 0 0 0 0 0 0
 95.2816 131.661 2.0 72.0 1 0 0 0 0 0 0 0 0 0
 95.2816 131.661 2.0 81.0 1 0 0 0 0 0 0 0 0 0
 95.2816 131.661 2.0 90.0 0 0 1 1 0 0 0 0 0 0
 95.2816 131.661 2.0 99.0 0 0 1 1 0 0 0 0 0 0
 95.5229 97.1686 2.0 81.0 0 0 1 1 0 0 0 0 0 0
 95.6727 129.192 2.0 99.0 0 0 1 1 0 0 0 0 0 0
 95.914 99.6379 2.0 81.0 0 0 1 1 0 0 0 0 0 0
 96.0638 126.723 2.0 99.0 0 0 1 1 0 0 0 0 0 0
 96.1713 137.827 2.0 27.0 0 0 0 1 0 0 0 0 0 0
 96.1713 137.827 2.0 36.0 0 0 0 1 0 0 0 0 0 0
 96.1713 137.827 2.0 45.0 0 1 0 0 1 0 0 0 0 0
 96.1713 137.827 2.0 54.0 0 1 0 0 1 0 0 0 0 0
 96.1713 137.827 2.0 63.0 0 1 0 0 1 0 0 0 0 0
 96.1713 137.827 2.0 72.0 0 1 0 0 1 0 0 0 0 0
 96.1713 137.827 2.0 81.0 0 1 0 0 1 0 0 0 0 0
 96.1713 137.827 2.0 90.0 0 1 0 0 1 0 0 0 0 0
 96.1713 137.827 2.0 99.0 0 1 0 0 1 0 0 0 0 0
 96.3051 102.107 2.0 81.0 0 0 1 1 0 0 0 0 0 0
 96.4548 124.253 2.0 99.0 0 0 1 1 0 0 0 0 0 0
 96.5624 135.358 2.0 99.0 0 1 0 0 1 0 0 0 0 0
 96.6961 104.576 2.0 81.0 0 0 1 1 0 0 0 0 0 0
 96.8459 121.784 2.0 99.0 0 0 1 1 0 0 0 0 0 0
 96.9535 132.889 2.0 99.0 0 1 0 0 1 0 0 0 0 0
 97.0872 107.046 2.0 81.0 0 0 1 1 0 0 0 0 0 0
 97.237 119.315 2.0 99.0 0 0 1 1 0 0 0 0 0 0
 97.3446 130.42 2.0 99.0 0 1 0 0 1 0 0 0 0 0
 97.3826 86.4329 2.0 9.0 0 0 1 1 0 0 0 0 0 0
 97.4783 109.515 2.0 81.0 0 0 1 1 0 0 0 0 0 0
 97.5 137.5 2.0 0.0 0 0 1 0 0 0 0 0 0 0
 97.5 82.5 2.0 0.0 1 0 0 0 0 1 1 0 0 0
 97.6281 116.846 2.0 99.0 0 0 1 1 0 0 0 0 0 0
 97.6662 81.0352 2.0 0.0 1 0 0 0 1 0 0 0 0 0
 97.7357 127.95 2.0 99.0 0 1 0 0 1 0 0 0 0 0
 97.7508 132.052 2.0 9.0 1 0 0 0 0 0 0 0 0 0
 97.8694 111.984 2.0 81.0 0 0 1 1 0 0 0 0 0 0
 98.0192 114.377 2.0 99.0 0 0 1 1 0 0 0 0 0 0
 98.1267 125.481 2.0 99.0 0 1 0 0 1 0 0 0 0 0
 98.2605 114.453 2.0 81.0 0 0 1 1 0 0 0 0 0 0
 98.4102 111.907 2.0 99.0 0 0 1 1 0 0 0 0 0 0
 98.5178 123.012 2.0 99.0 0 1 0 0 1 0 0 0 0 0
 98.549 138.6 2.0 18.0 0 0 0 1 0 0 0 0 0 0
 98.6516 116.922 2.0 81.0 0 0 1 1 0 0 0 0 0 0
 98.8013 109.438 2.0 99.0 0 0 1 1 0 0 0 0 0 0
 98.9089 120.543 2.0 99.0 0 1 0 0 1 0 0 0 0 0
 99.0426 119.392 2.0 81.0 0 0 1 1 0 0 0 0 0 0
 99.1924 106.969 2.0 99.0 0 0 1 1 0 0 0 0 0 0
 99.3 118.074 2.0 99.0 0 1 0 0 1 0 0 0 0 0
 99.4337 121.861 2.0 81.0 0 0 1 1 0 0 0 0 0 0
 99.5835 104.5 2.0 99.0 0 0 1 1 0 0 0 0 0 0
 99.6911 115.604 2.0 99.0 0 1 0 0 1 0 0 0 0 0
 99.8248 124.33 2.0 81.0 0 0 1 1 0 0 0 0 0 0
 99.8519 86.824 2.0 9.0 0 0 1 1 0 0 0 0 0 0
 99.9746 102.03 2.0 99.0 0 0 1 1 0 0 0 0 0 0
 100.0 112.5 2.0 0.0 1 0 0 0 0 1 1 0 0 0
 100.0 115.0 2.0 0.0 1 0 0 0 0 1 1 0 0 0
 100.0 117.5 2.0 0.0 1 0 0 0 0 1 1 0 0 0
 100.0 120.0 2.0 0.0 1 0 0 0 0 1 1 0 0 0
 100.0 122.5 2.0 0.0 1 0 0 0 0 1 1 0 0 0
 100.0 125.0 2.0 0.0 1 0 0 0 0 1 1 0 0 0
 100.0 127.5 2.0 0.0 1 0 0 0 0 1 1 0 0 0
 100.0 130.0 2.0 0.0 1 0 0 0 0 1 1 0 0 0
 100.0 132.5 2.0 0.0 1 0 0 0 0 1 1 0 0 0
 100.0 135.0 2.0 0.0 1 0 0 0 0 1 1 0 0 0
 100.0 137.5 2.0 0.0 0 0 1 0 0 0 0 0 0 0
 100.0 82.5 2.0 0.0 1 0 0 0 0 1 1 0 0 0
 100.082 113.135 2.0 99.0 0 1 0 0 1 0 0 0 0 0
 100.166 81.0352 2.0 0.0 1 0 0 0 1 0 0 0 0 0
 100.216 126.799 2.0 81.0 0 0 1 1 0 0 0 0 0 0
 100.22 132.443 2.0 9.0 1 0 0 0 0 0 0 0 0 0
 100.366 99.5612 2.0 99.0 0 0 1 1 0 0 0 0 0 0
 100.473 110.666 2.0 99.0 0 1 0 0 1 0 0 0 0 0
 100.607 129.269 2.0 81.0 0 0 1 1 0 0 0 0 0 0
 100.757 97.092 2.0 99.0 0 0 1 1 0 0 0 0 0 0
 100.864 108.197 2.0 99.0 0 1 0 0 1 0 0 0 0 0
 100.927 139.372 2.0 18.0 0 0 0 1 0 0 0 0 0 0
 100.998 131.738 2.0 81.0 0 0 1 1 0 0 0 0 0 0
 101.148 94.6227 2.0 99.0 0 0 1 1 0 0 0 0 0 0
 101.255 105.727 2.0 99.0 0 1 0 0 1 0 0 0 0 0
 101.389 134.207 2.0 81.0 0 0 1 1 0 0 0 0 0 0
 101.539 92.1535 2.0 99.0 0 0 1 1 0 0 0 0 0 0
 101.646 103.258 2.0 99.0 0 1 0 0 1 0 0 0 0 0
 101.78 136.676 2.0 81.0 0 0 1 1 0 0 0 0 0 0
 101.93 89.6843 2.0 99.0 0 0 1 1 0 0 0 0 0 0
 102.038 100.789 2.0 99.0 0 1 0 0 1 0 0 0 0 0
 102.171 139.145 2.0 81.0 0 0 1 1 0 0 0 0 0 0
 102.321 87.2151 2.0 18.0 0 0 1 1 0 0 0 0 0 0
 102.321 87.2151 2.0 27.0 0 0 1 1 0 0 0 0 0 0
 102.321 87.2151 2.0 36.0 0 0 1 1 0 0 0 0 0 0
 102.321 87.2151 2.0 45.0 0 0 1 1 0 0 0 0 0 0
 102.321 87.2151 2.0 54.0 0 0 1 1 0 0 0 0 0 0
 102.321 87.2151 2.0 63.0 0 0 1 1 0 0 0 0 0 0
 102.321 87.2151 2.0 72.0 0 0 1 1 0 0 0 0 0 0
 102.321 87.2151 2.0 81.0 0 0 1 1 0 0 0 0 0 0
 102.321 87.2151 2.0 9.0 0 0 1 1 0 0 0 0 0 0
 102.321 87.2151 2.0 90.0 0 0 1 1 0 0 0 0 0 0
 102.429 98.3198 2.0 99.0 0 1 0 0 1 0 0 0 0 0
 102.5 112.5 2.0 0.0 1 0 0 0 0 1 1 0 0 0
 102.5 135.0 2.0 0.0 1 0 0 0 0 1 1 0 0 0
 102.5 137.5 2.0 0.0 0 0 1 0 0 0 0 0 0 0
 102.5 82.5 2.0 0.0 1 0 0 0 0 1 1 0 0 0
 102.666 81.0352 2.0 0.0 1 0 0 0 1 0 0 0 0 0
 102.689 132.834 2.0 9.0 1 0 0 0 0 0 0 0 0 0
 102.82 95.8506 2.0 99.0 0 0 0 1 0 0 0 0 0 0
 103.211 93.3813 2.0 99.0 0 0 0 1 0 0 0 0 0 0
 103.304 140.145 2.0 18.0 0 1 0 0 1 0 0 0 0 0
 103.602 90.9121 2.0 99.0 0 0 0 1 0 0 0 0 0 0
 103.993 88.4429 2.0 99.0 0 0 0 1 0 0 0 0 0 0
 104.384 85.9737 2.0 99.0 0 0 0 1 0 0 0 0 0 0
 104.641 138.754 2.0 81.0 0 1 1 0 0 0 0 0 0 0
 104.775 83.5044 2.0 99.0 0 0 0 1 0 0 0 0 0 0
 105.0 100.0 2.0 0.0 1 0 0 0 0 1 1 0 0 0
 105.0 102.5 2.0 0.0 1 0 0 0 0 1 1 0 0 0
 105.0 105.0 2.0 0.0 1 0 0 0 0 1 1 0 0 0
 105.0 107.5 2.0 0.0 1 0 0 0 0 1 1 0 0 0
 105.0 110.0 2.0 0.0 1 0 0 0 0 1 1 0 0 0
 105.0 112.5 2.0 0.0 1 0 0 0 0 1 1 0 0 0
 105.0 135.0 2.0 0.0 1 0 0 0 0 1 1 0 0 0
 105.0 137.5 2.0 0.0 0 0 1 0 0 0 0 0 0 0
 105.0 82.5 2.0 0.0 1 0 0 0 0 1 1 0 0 0
 105.0 85.0 2.0 0.0 1 0 0 0 0 1 1 0 0 0
 105.0 87.5 2.0 0.0 1 0 0 0 0 1 1 0 0 0
 105.0 90.0 2.0 0.0 1 0 0 0 0 1 1 0 0 0
 105.0 92.5 2.0 0.0 1 0 0 0 0 1 1 0 0 0
 105.0 95.0 2.0 0.0 1 0 0 0 0 1 1 0 0 0
 105.0 97.5 2.0 0.0 1 0 0 0 0 1 1 0 0 0
 105.158 133.225 2.0 9.0 1 0 0 0 0 0 0 0 0 0
 105.166 81.0352 2.0 0.0 1 0 0 0 1 0 0 0 0 0
 105.166 81.0352 2.0 18.0 1 0 0 0 1 0 0 0 0 0
 105.166 81.0352 2.0 27.0 1 0 0 0 1 0 0 0 0 0
 105.166 81.0352 2.0 36.0 1 0 0 0 1 0 0 0 0 0
 105.166 81.0352 2.0 45.0 0 0 0 1 0 0 0 0 0 0
 105.166 81.0352 2.0 54.0 0 0 0 1 0 0 0 0 0 0
 105.166 81.0352 2.0 63.0 0 0 0 1 0 0 0 0 0 0
 105.166 81.0352 2.0 72.0 0 0 0 1 0 0 0 0 0 0
 105.166 81.0352 2.0 81.0 0 0 0 1 0 0 0 0 0 0
 105.166 81.0352 2.0 9.0 1 0 0 0 1 0 0 0 0 0
 105.166 81.0352 2.0 90.0 0 0 0 1 0 0 0 0 0 0
 105.682 140.917 2.0 18.0 0 1 0 0 1 0 0 0 0 0
 105.682 140.917 2.0 9.0 0 1 0 0 1 0 0 0 0 0
 107.11 138.363 2.0 81.0 0 1 1 0 0 0 0 0 0 0
 107.5 135.0 2.0 0.0 1 0 0 0 0 1 1 0 0 0
 107.5 137.5 2.0 0.0 0 0 1 0 0 0 0 0 0 0
 107.5 82.5 2.0 0.0 1 0 0 0 0 1 1 0 0 0
 107.5 85.0 2.0 0.0 1 0 0 0 0 1 1 0 0 0
 107.501 140.832 2.0 81.0 0 1 1 0 0 0 0 0 0 0
 107.628 133.617 2.0 9.0 1 0 0 0 0 0 0 0 0 0
 108.182 140.917 2.0 0.0 0 1 0 0 1 0 0 0 0 0
 109.97 140.441 2.0 81.0 0 1 1 0 0 0 0 0 0 0
 110.0 135.0 2.0 0.0 0 1 0 0 0 1 0 0 0 0
 110.0 137.5 2.0 0.0 0 0 1 0 0 0 0 0 0 0
 110.0 82.5 2.0 0.0 1 0 0 0 0 1 1 0 0 0
 110.0 85.0 2.0 0.0 1 0 0 0 0 1 1 0 0 0
 110.097 134.008 2.0 9.0 1 0 0 0 0 0 0 0 0 0
 110.682 140.917 2.0 0.0 0 1 0 0 1 0 0 0 0 0
 112.439 140.05 2.0 81.0 0 1 1 0 0 0 0 0 0 0
 112.5 135.0 2.0 0.0 0 1 0 0 0 1 0 0 0 0
 112.5 137.5 2.0 0.0 0 0 1 0 0 0 0 0 0 0
 112.5 82.5 2.0 0.0 1 0 0 0 0 1 1 0 0 0
 112.5 85.0 2.0 0.0 1 0 0 0 0 1 1 0 0 0
 112.566 134.399 2.0 9.0 1 0 0 0 0 0 0 0 0 0
 113.182 140.917 2.0 0.0 0 1 0 0 1 0 0 0 0 0
 114.909 139.659 2.0 81.0 0 1 1 0 0 0 0 0 0 0
 115.0 130.0 2.0 0.0 0 0 1 0 0 0 0 0 0 0
 115.0 132.5 2.0 0.0 0 0 1 0 0 0 0 0 0 0
 115.0 132.5 2.0 0.0 0 1 0 0 0 1 0 0 0 0
 115.0 135.0 2.0 0.0 0 0 1 0 0 0 0 0 0 0
 115.0 135.0 2.0 0.0 0 1 0 0 0 1 0 0 0 0
 115.0 137.5 2.0 0.0 0 0 1 0 0 0 0 0 0 0
 115.0 82.5 2.0 0.0 1 0 0 0 0 1 1 0 0 0
 115.0 85.0 2.0 0.0 1 0 0 0 0 1 1 0 0 0
 115.035 134.79 2.0 9.0 1 0 0 0 0 0 0 0 0 0
 115.682 140.917 2.0 0.0 0 1 0 0 1 0 0 0 0 0
 115.682 140.917 2.0 297.0 1 0 0 0 0 0 0 0 0 0
 115.682 140.917 2.0 306.0 1 0 0 0 0 0 0 0 0 0
 115.682 140.917 2.0 315.0 1 0 0 0 0 0 0 0 0 0
 115.682 140.917 2.0 324.0 1 0 0 0 0 0 0 0 0 0
 115.682 140.917 2.0 333.0 1 0 0 0 0 0 0 0 0 0
 115.682 140.917 2.0 342.0 1 0 0 0 0 0 0 0 0 0
 115.682 140.917 2.0 351.0 0 1 0 0 1 0 0 0 0 0
 116.454 138.54 2.0 288.0 1 0 0 0 0 0 0 0 0 0
 117.227 136.162 2.0 288.0 1 0 0 0 0 0 0 0 0 0
 117.378 139.268 2.0 81.0 0 1 1 0 0 0 0 0 0 0
 117.5 122.5 2.0 0.0 0 1 0 0 0 1 0 0 0 0
 117.5 124.062 2.0 36.0 0 0 1 1 0 0 0 0 0 0
 117.5 124.062 2.0 45.0 0 0 1 1 0 0 0 0 0 0
 117.5 124.062 2.0 54.0 0 0 1 1 0 0 0 0 0 0
 117.5 124.062 2.0 63.0 0 0 1 1 0 0 0 0 0 0
 117.5 124.062 2.0 72.0 0 0 1 1 0 0 0 0 0 0
 117.5 124.062 2.0 81.0 0 0 1 1 0 0 0 0 0 0
 117.5 125.0 2.0 0.0 0 1 0 0 0 1 0 0 0 0
 117.5 127.5 2.0 0.0 0 0 1 0 0 0 0 0 0 0
 117.5 130.0 2.0 0.0 0 0 1 0 0 0 0 0 0 0
 117.5 130.0 2.0 0.0 0 1 0 0 0 1 0 0 0 0
 117.5 132.5 2.0 0.0 0 1 0 0 0 1 0 0 0 0
 117.505 135.181 2.0 9.0 1 0 0 0 0 0 0 0 0 0
 117.892 126.531 2.0 81.0 0 0 1 1 0 0 0 0 0 0
 118.0 133.785 2.0 288.0 1 0 0 0 0 0 0 0 0 0
 118.283 129.0 2.0 81.0 0 0 1 1 0 0 0 0 0 0
 118.674 131.469 2.0 81.0 0 1 1 0 0 0 0 0 0 0
 118.772 131.407 2.0 288.0 1 0 0 0 0 0 0 0 0 0
 119.065 133.939 2.0 81.0 0 1 1 0 0 0 0 0 0 0
 119.456 136.408 2.0 81.0 0 1 1 0 0 0 0 0 0 0
 119.545 129.029 2.0 288.0 1 0 0 0 0 0 0 0 0 0
 119.545 129.029 2.0 297.0 1 0 0 0 0 0 0 0 0 0
 119.545 129.029 2.0 306.0 0 0 1 1 0 0 0 0 0 0
 119.728 125.197 2.0 27.0 0 0 1 1 0 0 0 0 0 0
 119.847 138.877 2.0 81.0 0 1 1 0 0 0 0 0 0 0
 119.974 135.572 2.0 9.0 1 0 0 0 0 0 0 0 0 0
 120.0 122.5 2.0 0.0 0 1 0 0 0 1 0 0 0 0
 120.0 127.5 2.0 0.0 0 1 0 0 0 1 0 0 0 0
 120.0 130.0 2.0 0.0 0 1 0 0 0 1 0 0 0 0
 121.312 127.262 2.0 315.0 0 0 1 1 0 0 0 0 0 0
 121.955 126.332 2.0 27.0 0 0 1 1 0 0 0 0 0 0
 121.998 120.742 2.0 297.0 1 0 1 0 1 0 0 0 0 0
 121.998 120.742 2.0 306.0 0 0 0 0 0 0 0 1 0 0
 121.998 120.742 2.0 315.0 0 0 0 0 0 0 0 1 0 0
 121.998 120.742 2.0 324.0 0 0 0 0 0 0 0 1 0 0
 121.998 120.742 2.0 333.0 0 0 0 0 0 0 0 1 0 0
 121.998 120.742 2.0 342.0 0 0 0 0 0 0 0 1 0 0
 121.998 120.742 2.0 351.0 0 0 0 0 0 0 0 1 0 0
 122.443 135.963 2.0 9.0 1 0 0 0 0 0 0 0 0 0
 122.5 122.5 2.0 0.0 0 1 0 0 0 1 0 0 0 0
 122.5 125.0 2.0 0.0 0 0 0 0 0 0 1 0 0 0
 122.5 127.5 2.0 0.0 0 0 0 0 0 0 1 0 0 0
 123.08 125.494 2.0 315.0 0 0 1 1 0 0 0 0 0 0
 123.08 125.494 2.0 324.0 0 0 1 1 0 0 0 0 0 0
 123.08 125.494 2.0 333.0 0 0 1 1 0 0 0 0 0 0
 123.08 125.494 2.0 342.0 0 0 1 1 0 0 0 0 0 0
 123.09 124.104 2.0 27.0 0 0 1 1 0 0 0 0 0 0
 123.133 118.514 2.0 297.0 1 0 1 0 1 0 0 0 0 0
 124.268 116.287 2.0 297.0 1 0 1 0 1 0 0 0 0 0
 124.268 116.287 2.0 297.0 1 0 1 1 1 0 0 1 0 0
 124.498 120.742 2.0 360.0 0 0 0 0 0 0 0 1 0 0
 124.912 136.354 2.0 0.0 1 0 0 0 0 0 0 0 0 0
 124.912 136.354 2.0 288.0 1 0 0 0 0 0 0 0 0 0
 124.912 136.354 2.0 297.0 1 0 0 0 0 0 0 0 0 0
 124.912 136.354 2.0 306.0 1 0 0 0 0 0 0 0 0 0
 124.912 136.354 2.0 315.0 1 0 0 0 0 0 0 0 0 0
 124.912 136.354 2.0 324.0 1 0 0 0 0 0 0 0 0 0
 124.912 136.354 2.0 333.0 1 0 0 0 0 0 0 0 0 0
 124.912 136.354 2.0 342.0 1 0 0 0 0 0 0 0 0 0
 124.912 136.354 2.0 351.0 1 0 0 0 0 0 0 0 0 0
 124.912 136.354 2.0 9.0 1 0 0 0 0 0 0 0 0 0
 125.0 122.5 2.0 0.0 0 1 0 0 0 1 0 0 0 0
 125.0 125.0 2.0 0.0 0 0 0 0 0 0 1 0 0 0
 125.303 133.885 2.0 279.0 1 0 0 0 0 0 0 0 0 0
 125.318 125.239 2.0 27.0 0 0 0 0 0 0 0 0 0 0
 125.403 114.059 2.0 297.0 1 0 1 1 1 0 0 1 0 0
 125.549 125.103 2.0 351.0 0 0 1 1 0 0 0 0 0 0
 125.694 131.416 2.0 279.0 0 0 1 0 0 0 0 0 0 0
 126.086 128.946 2.0 279.0 0 0 1 0 0 0 0 0 0 0
 126.477 126.477 2.0 279.0 0 0 1 0 0 0 0 0 0 0
 126.495 117.422 2.0 297.0 1 0 1 1 1 0 0 1 0 0
 126.538 111.832 2.0 297.0 1 0 1 1 1 0 0 1 0 0
 126.868 124.008 2.0 279.0 0 0 1 0 0 0 0 0 0 0
 126.998 120.742 2.0 360.0 0 0 0 0 0 0 0 1 0 0
 127.259 121.539 2.0 279.0 0 0 1 0 0 0 0 0 0 0
 127.5 122.5 2.0 0.0 0 0 0 0 0 0 1 0 0 0
 127.5 122.5 2.0 0.0 0 1 0 0 0 1 0 0 0 0
 127.5 125.0 2.0 0.0 0 0 0 0 0 0 1 0 0 0
 127.545 126.374 2.0 27.0 0 0 0 0 0 0 0 0 0 0
 127.65 119.07 2.0 279.0 0 0 1 0 0 0 0 0 0 0
 128.019 124.712 2.0 351.0 0 0 1 1 0 0 0 0 0 0
 128.041 116.6 2.0 279.0 0 0 1 0 0 0 0 0 0 0
 128.041 116.6 2.0 288.0 0 0 1 0 0 0 0 0 0 0
 128.041 116.6 2.0 297.0 0 0 1 0 0 0 0 0 0 0
 128.041 116.6 2.0 306.0 0 0 1 0 0 0 0 0 0 0
 128.041 116.6 2.0 315.0 0 1 0 0 0 0 0 1 0 0
 128.041 116.6 2.0 324.0 0 1 0 0 0 0 0 1 0 0
 128.041 116.6 2.0 333.0 0 1 0 0 0 0 0 1 0 0
 128.041 116.6 2.0 342.0 0 1 0 0 0 0 0 1 0 0
 128.041 116.6 2.0 351.0 0 1 0 0 0 0 0 1 0 0
 128.041 116.6 2.0 360.0 0 1 0 0 0 0 0 1 0 0
 128.041 116.6 2.0 9.0 0 1 0 0 0 0 0 1 0 0
 128.68 124.147 2.0 0.0 0 0 0 0 0 0 0 0 0 0
 128.68 124.147 2.0 18.0 0 0 0 0 0 0 0 0 0 0
 128.68 124.147 2.0 27.0 0 0 0 0 0 0 0 0 0 0
 128.68 124.147 2.0 306.0 1 0 1 1 1 0 0 1 0 0
 128.68 124.147 2.0 315.0 1 0 1 1 1 0 0 1 0 0
 128.68 124.147 2.0 324.0 1 0 1 1 1 0 0 1 0 0
 128.68 124.147 2.0 333.0 1 0 1 1 1 0 0 1 0 0
 128.68 124.147 2.0 342.0 1 0 1 1 1 0 0 1 0 0
 128.68 124.147 2.0 351.0 0 0 0 0 0 0 0 0 0 0
 128.68 124.147 2.0 9.0 0 0 0 0 0 0 0 0 0 0
 128.723 118.557 2.0 297.0 1 0 1 1 1 0 0 1 0 0
 129.498 120.742 2.0 360.0 0 0 0 0 0 0 0 1 0 0
 129.815 121.919 2.0 297.0 1 0 1 1 1 0 0 1 0 0
 130.0 120.0 2.0 0.0 0 0 0 0 0 0 1 0 0 0
 130.0 122.5 2.0 0.0 0 0 0 0 0 0 1 0 0 0
 130.0 122.5 2.0 0.0 0 1 0 0 0 1 0 0 0 0
 130.419 117.373 2.0 18.0 0 1 0 0 0 0 0 1 0 0
 130.488 124.321 2.0 351.0 0 0 1 1 0 0 0 0 0 0
 130.95 119.692 2.0 297.0 1 0 1 1 1 0 0 1 0 0
 131.998 120.742 2.0 360.0 0 0 0 0 0 0 0 1 0 0
 132.5 120.0 2.0 0.0 0 0 0 0 0 0 1 0 0 0
 132.5 122.5 2.0 0.0 0 1 0 0 0 1 0 0 0 0
 132.796 118.145 2.0 18.0 0 1 0 0 0 0 0 1 0 0
 132.957 123.929 2.0 351.0 0 0 1 1 0 0 0 0 0 0
 134.498 120.742 2.0 360.0 0 0 0 0 0 0 0 1 0 0
 135.0 120.0 2.0 0.0 1 0 0 0 0 1 1 0 0 0
 135.0 122.5 2.0 0.0 0 1 0 0 0 1 0 0 0 0
 135.174 118.918 2.0 18.0 0 1 0 0 0 0 0 1 0 0
 135.457 123.929 2.0 360.0 0 0 1 1 0 0 0 0 0 0
 136.998 120.742 2.0 360.0 0 0 0 0 0 0 0 1 0 0
 137.5 120.0 2.0 0.0 1 0 0 0 0 1 1 0 0 0
 137.5 122.5 2.0 0.0 0 1 0 0 0 1 0 0 0 0
 137.551 119.69 2.0 18.0 0 1 0 0 0 0 0 1 0 0
 137.957 123.929 2.0 360.0 0 0 1 1 0 0 0 0 0 0
 139.498 120.742 2.0 360.0 0 0 0 0 0 0 0 1 0 0
 139.929 120.463 2.0 18.0 0 1 0 0 0 0 0 1 0 0
 140.0 120.0 2.0 0.0 1 0 0 0 0 1 1 0 0 0
 140.0 122.5 2.0 0.0 0 1 0 0 0 1 0 0 0 0
 140.457 123.929 2.0 360.0 0 0 1 1 0 0 0 0 0 0
 141.998 120.742 2.0 360.0 0 0 0 0 0 0 0 1 0 0
 142.307 121.236 2.0 18.0 0 1 0 0 0 0 0 1 0 0
 142.5 120.0 2.0 0.0 1 0 0 0 0 1 1 0 0 0
 142.5 122.5 2.0 0.0 0 1 0 0 0 1 0 0 0 0
 142.957 123.929 2.0 360.0 0 0 0 0 1 0 0 0 0 0
 144.498 120.742 2.0 360.0 0 0 0 0 0 0 0 1 0 0
 144.684 122.008 2.0 18.0 0 1 0 0 0 0 0 1 0 0
 145.0 120.0 2.0 0.0 1 0 0 0 0 1 1 0 0 0
 145.0 122.5 2.0 0.0 0 0 1 1 0 0 0 0 0 0
 145.457 123.929 2.0 360.0 0 0 0 0 1 0 0 0 0 0
 146.998 120.742 2.0 360.0 0 0 0 0 0 0 0 1 0 0
 147.062 122.781 2.0 18.0 0 1 0 0 0 0 0 1 0 0
 147.5 120.0 2.0 0.0 1 0 0 0 0 1 1 0 0 0
 147.5 122.5 2.0 0.0 0 0 1 1 0 0 0 0 0 0
 147.957 123.929 2.0 360.0 0 0 0 0 1 0 0 0 0 0
 149.44 123.553 2.0 18.0 0 1 0 0 0 0 0 1 0 0
 149.498 120.742 2.0 360.0 0 0 0 0 0 0 0 1 0 0
 150.0 120.0 2.0 0.0 1 0 0 0 0 1 1 0 0 0
 150.0 122.5 2.0 0.0 0 0 1 1 0 0 0 0 0 0
 150.0 125.0 2.0 0.0 0 0 1 1 0 0 0 0 0 0
 150.0 127.5 2.0 0.0 0 0 1 1 0 0 0 0 0 0
 150.0 130.0 2.0 0.0 0 0 1 1 0 0 0 0 0 0
 150.0 132.5 2.0 0.0 0 0 1 1 0 0 0 0 0 0
 150.0 135.0 2.0 0.0 0 0 0 0 0 0 0 0 0 0
 150.0 137.5 2.0 0.0 0 0 0 0 0 0 0 0 0 0
 150.0 140.0 2.0 0.0 0 0 0 0 0 0 0 0 0 0
 150.0 142.5 2.0 0.0 0 0 0 0 0 0 0 0 0 0
 150.0 145.0 2.0 0.0 1 0 0 0 0 1 0 1 0 0
 150.0 147.5 2.0 0.0 1 0 0 0 0 1 0 1 0 0
 150.0 150.0 2.0 0.0 1 0 0 0 0 1 0 1 0 0
 150.457 123.929 2.0 360.0 0 0 0 0 1 0 0 0 0 0
 151.817 124.326 2.0 18.0 0 1 0 0 0 0 0 1 0 0
 151.998 120.742 2.0 360.0 0 0 0 0 0 0 0 1 0 0
 152.5 120.0 2.0 0.0 1 0 0 0 0 1 1 0 0 0
 152.957 123.929 2.0 360.0 0 0 0 0 1 0 0 0 0 0
 154.195 125.098 2.0 18.0 0 1 0 0 0 0 0 1 0 0
 154.498 120.742 2.0 360.0 0 0 0 0 0 0 0 1 0 0
 155.0 120.0 2.0 0.0 1 0 0 0 0 1 1 0 0 0
 155.43 151.366 2.0 99.0 1 0 0 0 0 0 0 0 0 0
 155.457 123.929 2.0 360.0 0 0 0 0 1 0 0 0 0 0
 155.822 148.897 2.0 99.0 1 0 0 0 0 0 0 0 0 0
 156.213 146.428 2.0 99.0 1 0 0 0 0 0 0 0 0 0
 156.573 125.871 2.0 18.0 0 1 0 0 0 0 0 1 0 0
 156.604 143.959 2.0 99.0 1 0 0 0 0 0 0 0 0 0
 156.995 141.489 2.0 99.0 1 0 0 0 0 0 0 0 0 0
 156.998 120.742 2.0 360.0 0 0 0 0 0 0 0 1 0 0
 156.998 123.242 2.0 360.0 0 0 0 0 0 0 0 1 0 0
 156.998 125.742 2.0 360.0 0 0 0 0 0 0 0 1 0 0
 156.998 128.242 2.0 360.0 0 0 0 0 0 0 0 1 0 0
 156.998 130.742 2.0 360.0 0 0 0 0 0 0 0 1 0 0
 156.998 133.242 2.0 360.0 0 0 0 0 0 0 0 1 0 0
 156.998 135.742 2.0 360.0 0 0 0 0 0 0 0 1 0 0
 156.998 138.242 2.0 360.0 0 0 0 0 0 0 0 1 0 0
 156.998 140.742 2.0 360.0 0 0 0 0 0 0 0 1 0 0
 156.998 143.242 2.0 360.0 0 0 0 0 0 0 0 1 0 0
 156.998 145.742 2.0 360.0 0 0 0 0 0 0 0 1 0 0
 156.998 148.242 2.0 360.0 0 0 0 0 0 0 0 1 0 0
 156.998 150.742 2.0 360.0 0 0 0 0 0 0 0 1 0 0
 157.386 139.02 2.0 99.0 1 0 0 0 0 0 0 0 0 0
 157.5 120.0 2.0 0.0 1 0 0 0 0 1 1 0 0 0
 157.777 136.551 2.0 99.0 1 0 0 0 0 0 0 0 0 0
 157.957 123.929 2.0 360.0 0 0 0 0 1 0 0 0 0 0
 158.168 134.082 2.0 99.0 1 0 0 0 0 0 0 0 0 0
 158.559 131.613 2.0 99.0 1 0 0 0 0 0 0 0 0 0
 158.655 151.091 2.0 99.0 0 0 0 1 0 0 0 0 0 0
 158.95 126.643 2.0 18.0 0 1 0 0 0 0 0 1 0 0
 158.95 126.643 2.0 27.0 0 1 0 0 0 0 0 1 0 0
 158.95 126.643 2.0 36.0 0 1 0 0 0 0 0 1 0 0
 158.95 126.643 2.0 45.0 0 1 0 0 0 0 0 1 0 0
 158.95 126.643 2.0 54.0 1 0 0 0 0 0 0 0 0 0
 158.95 126.643 2.0 63.0 1 0 0 0 0 0 0 0 0 0
 158.95 126.643 2.0 72.0 1 0 0 0 0 0 0 0 0 0
 158.95 126.643 2.0 81.0 1 0 0 0 0 0 0 0 0 0
 158.95 129.143 2.0 90.0 1 0 0 0 0 0 0 0 0 0
 159.046 148.622 2.0 99.0 0 0 0 1 0 0 0 0 0 0
 159.437 146.152 2.0 99.0 0 0 0 1 0 0 0 0 0 0
 159.828 143.683 2.0 99.0 0 0 0 1 0 0 0 0 0 0
 160.0 120.0 2.0 0.0 1 0 0 0 0 1 1 0 0 0
 160.0 122.5 2.0 0.0 1 0 0 0 0 1 1 0 0 0
 160.0 125.0 2.0 0.0 1 0 0 0 0 1 1 0 0 0
 160.0 127.5 2.0 0.0 1 0 0 0 0 1 1 0 0 0
 160.0 130.0 2.0 0.0 1 0 0 0 0 1 1 0 0 0
 160.0 132.5 2.0 0.0 1 0 0 0 0 1 1 0 0 0
 160.0 135.0 2.0 0.0 1 0 0 0 0 1 1 0 0 0
 160.0 137.5 2.0 0.0 1 0 0 0 0 1 1 0 0 0
 160.0 140.0 2.0 0.0 1 0 0 0 0 1 1 0 0 0
 160.0 142.5 2.0 0.0 1 0 0 0 0 1 1 0 0 0
 160.0 145.0 2.0 0.0 1 0 0 0 0 1 1 0 0 0
 160.0 147.5 2.0 0.0 1 0 0 0 0 1 1 0 0 0
 160.0 150.0 2.0 0.0 1 0 0 0 0 1 1 0 0 0
 160.219 141.214 2.0 99.0 0 0 0 1 0 0 0 0 0 0
 160.457 123.929 2.0 360.0 0 0 0 0 1 0 0 0 0 0
 160.611 138.745 2.0 99.0 0 0 0 1 0 0 0 0 0 0
 161.002 136.276 2.0 99.0 0 0 0 1 0 0 0 0 0 0
 161.393 133.806 2.0 99.0 0 0 0 1 0 0 0 0 0 0
 161.784 131.337 2.0 99.0 0 0 0 1 0 0 0 0 0 0
 162.175 128.868 2.0 99.0 0 0 0 1 0 0 0 0 0 0
 162.566 126.399 2.0 99.0 0 0 0 1 0 0 0 0 0 0
 162.957 123.929 2.0 18.0 0 0 0 0 1 0 0 0 0 0
 162.957 123.929 2.0 27.0 0 0 0 1 0 0 0 0 0 0
 162.957 123.929 2.0 36.0 0 0 0 1 0 0 0 0 0 0
 162.957 123.929 2.0 360.0 0 0 0 0 1 0 0 0 0 0
 162.957 123.929 2.0 45.0 0 0 0 1 0 0 0 0 0 0
 162.957 123.929 2.0 54.0 0 0 0 1 0 0 0 0 0 0
 162.957 123.929 2.0 63.0 0 0 0 1 0 0 0 0 0 0
 162.957 123.929 2.0 72.0 0 0 0 1 0 0 0 0 0 0
 162.957 123.929 2.0 81.0 0 0 0 1 0 0 0 0 0 0
 162.957 123.929 2.0 9.0 0 0 0 0 1 0 0 0 0 0
 162.957 123.929 2.0 90.0 0 0 0 1 0 0 0 0 0 0
