 22.3776 20.7725 2.0 18.0 0 0 0 1 0 0 0 0 0 0
 22.3776 20.7725 2.0 18.0 0 0 1 1 0 0 0 0 0 0
 22.5 22.5 2.0 0.0 0 0 0 0 0 0 0 0 1 0
 22.5 22.5 2.0 18.0 0 0 0 0 0 0 0 0 1 0
 22.5 22.5 2.0 18.0 0 1 0 0 0 0 0 0 0 0
 22.5 22.5 2.0 18.0 1 0 0 0 1 0 0 0 0 0
 22.5 22.5 2.0 27.0 0 0 0 0 0 0 0 0 1 0
 22.5 22.5 2.0 27.0 0 1 0 0 0 0 0 0 0 0
 22.5 22.5 2.0 27.0 1 0 0 0 1 0 0 0 0 0
 22.5 22.5 2.0 36.0 0 0 0 0 0 0 0 0 1 0
 22.5 22.5 2.0 36.0 0 1 0 0 0 0 0 0 0 0
 22.5 22.5 2.0 36.0 1 0 0 0 1 0 0 0 0 0
 22.5 22.5 2.0 45.0 0 0 0 0 0 0 0 0 1 0
 22.5 22.5 2.0 45.0 0 1 0 0 0 0 0 0 0 0
 22.5 22.5 2.0 45.0 1 0 0 0 1 0 0 0 0 0
 22.5 22.5 2.0 54.0 0 0 0 0 0 0 0 0 1 0
 22.5 22.5 2.0 54.0 0 1 0 0 0 0 0 0 0 0
 22.5 22.5 2.0 54.0 1 0 0 0 1 0 0 0 0 0
 22.5 22.5 2.0 63.0 0 0 0 0 0 0 0 0 1 0
 22.5 22.5 2.0 63.0 0 1 0 0 0 0 0 0 0 0
 22.5 22.5 2.0 63.0 1 0 0 0 1 0 0 0 0 0
 22.5 22.5 2.0 72.0 0 0 0 0 0 0 0 0 0 0
 22.5 22.5 2.0 72.0 0 1 0 0 0 0 0 0 0 0
 22.5 22.5 2.0 72.0 1 0 0 0 1 0 0 0 0 0
 22.5 22.5 2.0 81.0 0 0 0 0 0 0 0 0 0 0
 22.5 22.5 2.0 81.0 0 1 0 0 0 0 0 0 0 0
 22.5 22.5 2.0 81.0 1 0 0 0 1 0 0 0 0 0
 22.5 22.5 2.0 9.0 0 0 0 0 0 0 0 0 1 0
 22.5 22.5 2.0 90.0 1 0 0 0 1 0 0 0 0 0
 24.7553 21.5451 2.0 18.0 0 0 0 1 0 0 0 0 0 0
 24.7553 21.5451 2.0 18.0 0 0 1 1 0 0 0 0 0 0
 24.9692 22.8911 2.0 9.0 0 1 0 0 0 0 0 0 0 0
 25.0 20.0 2.0 0.0 0 0 1 0 0 0 0 0 0 0
 25.0 20.0 2.0 18.0 0 0 1 0 0 0 0 0 0 0
 25.0 20.0 2.0 27.0 0 0 1 0 0 0 0 1 0 0
 25.0 20.0 2.0 36.0 0 0 1 0 0 0 0 1 0 0
 25.0 20.0 2.0 9.0 0 0 1 0 0 0 0 0 0 0
 26.7678 21.7678 2.0 45.0 0 0 1 0 0 0 0 1 0 0
 27.1329 22.3176 2.0 18.0 1 0 0 0 0 0 0 0 0 0
 27.4384 23.2822 2.0 9.0 0 1 0 0 1 0 0 0 0 0
 27.5 20.0 2.0 0.0 0 0 0 0 0 0 0 0 0 0
 27.5 20.0 2.0 0.0 1 0 0 0 1 0 0 0 0 0
 28.5355 23.5355 2.0 45.0 0 0 1 0 0 0 0 1 0 0
 29.5106 23.0902 2.0 18.0 1 0 0 0 0 0 0 0 0 0
 29.9077 23.6733 2.0 9.0 0 0 0 0 0 0 0 1 0 0
 30.0 20.0 2.0 0.0 0 0 0 0 0 0 0 0 0 0
 30.0 20.0 2.0 0.0 1 0 0 0 1 0 0 0 0 0
 30.3033 25.3033 2.0 45.0 0 0 1 0 0 0 0 1 0 0
 31.8882 23.8627 2.0 18.0 1 0 0 0 0 0 0 0 0 0
 32.0711 27.0711 2.0 45.0 0 0 1 0 0 0 0 1 0 0
 32.3769 24.0643 2.0 9.0 0 0 0 0 0 0 0 1 0 0
 32.5 20.0 2.0 0.0 1 0 0 0 0 1 0 0 0 0
 32.5 20.0 2.0 0.0 1 0 0 0 1 0 0 0 0 0
 33.8388 28.8388 2.0 45.0 0 0 1 0 0 0 0 1 0 0
 34.2659 24.6353 2.0 18.0 1 0 0 0 0 0 0 0 0 0
 34.8461 24.4554 2.0 9.0 0 0 0 0 0 0 0 1 0 0
 35.0 20.0 2.0 0.0 1 0 0 0 0 1 0 0 0 0
 35.0 20.0 2.0 0.0 1 0 0 0 1 0 0 0 0 0
 35.0 22.5 2.0 0.0 1 0 0 0 0 1 0 0 0 0
 35.0 25.0 2.0 0.0 1 0 0 0 0 1 0 0 0 0
 35.0 27.5 2.0 0.0 1 0 0 0 0 1 0 0 0 0
 35.0 30.0 2.0 0.0 1 0 0 0 0 1 0 0 0 0
 35.0 32.5 2.0 0.0 0 0 0 0 0 0 1 0 0 0
 35.0 35.0 2.0 0.0 0 0 0 0 0 0 1 0 0 0
 35.0 37.5 2.0 0.0 0 0 0 0 0 0 1 0 0 0
 35.0 40.0 2.0 0.0 0 0 0 0 0 0 1 0 0 0
 35.0 42.5 2.0 0.0 0 0 0 0 0 0 1 0 0 0
 35.6066 30.6066 2.0 45.0 0 0 0 0 1 0 0 0 0 0
 36.6435 25.4078 2.0 18.0 1 0 0 0 0 0 0 0 0 0
 37.3153 24.8465 2.0 9.0 0 0 0 0 0 0 0 1 0 0
 37.3744 32.3744 2.0 45.0 0 0 0 0 1 0 0 0 0 0
 37.5 20.0 2.0 0.0 1 0 0 0 1 0 0 0 0 0
 37.5 42.5 2.0 0.0 0 0 0 0 0 0 1 0 0 0
 39.0211 26.1803 2.0 18.0 1 0 0 0 0 0 0 0 0 0
 39.0211 26.1803 2.0 27.0 1 0 0 0 0 0 0 0 0 0
 39.0211 26.1803 2.0 36.0 0 1 0 1 0 0 0 0 0 0
 39.0211 26.1803 2.0 45.0 0 1 0 1 0 0 0 0 0 0
 39.0211 26.1803 2.0 54.0 0 1 0 1 0 0 0 0 0 0
 39.1421 34.1421 2.0 45.0 0 0 0 0 1 0 0 0 0 0
 39.7845 25.2376 2.0 18.0 0 0 0 0 0 0 0 1 0 0
 39.7845 25.2376 2.0 27.0 0 0 0 0 0 0 0 1 0 0
 39.7845 25.2376 2.0 36.0 0 0 0 0 0 0 0 1 0 0
 39.7845 25.2376 2.0 45.0 0 0 0 0 0 0 0 1 0 0
 39.7845 25.2376 2.0 9.0 0 0 0 0 0 0 0 1 0 0
 40.0 20.0 2.0 0.0 1 0 0 0 1 0 0 0 0 0
 40.0 42.5 2.0 0.0 1 0 0 0 0 1 0 0 0 0
 40.1561 28.4079 2.0 63.0 0 1 0 1 0 0 0 0 0 0
 40.9099 35.9099 2.0 45.0 0 0 0 0 1 0 0 0 0 0
 41.254 27.2601 2.0 54.0 0 0 0 0 0 0 0 1 0 0
 41.2911 30.6354 2.0 63.0 0 1 0 1 0 0 0 0 0 0
 41.3988 26.9529 2.0 18.0 1 0 0 0 0 0 0 0 0 0
 42.4261 32.8629 2.0 63.0 0 1 0 1 0 0 0 0 0 0
 42.5 20.0 2.0 0.0 1 0 0 0 1 0 0 0 0 0
 42.5 20.0 2.0 18.0 0 0 1 1 0 0 0 0 0 0
 42.5 20.0 2.0 27.0 0 0 1 1 0 0 0 0 0 0
 42.5 20.0 2.0 36.0 0 0 1 1 0 0 0 0 0 0
 42.5 20.0 2.0 45.0 0 0 1 1 0 0 0 0 0 0
 42.5 20.0 2.0 54.0 0 0 1 1 0 0 0 0 0 0
 42.5 20.0 2.0 63.0 0 0 1 1 0 0 0 0 0 0
 42.5 20.0 2.0 72.0 0 0 1 1 0 0 0 0 0 0
 42.5 20.0 2.0 81.0 0 1 0 0 1 0 0 0 0 0
 42.5 20.0 2.0 9.0 0 0 1 1 0 0 0 0 0 0
 42.5 22.5 2.0 90.0 0 1 0 0 1 0 0 0 0 0
 42.5 25.0 2.0 90.0 0 1 0 0 1 0 0 0 0 0
 42.5 27.5 2.0 90.0 0 1 0 0 1 0 0 0 0 0
 42.5 30.0 2.0 90.0 0 1 0 0 1 0 0 0 0 0
 42.5 32.5 2.0 90.0 0 1 0 0 1 0 0 0 0 0
 42.5 35.0 2.0 90.0 0 1 0 0 1 0 0 0 0 0
 42.5 37.5 2.0 27.0 1 0 0 0 1 0 0 0 0 0
 42.5 37.5 2.0 36.0 1 0 0 0 1 0 0 0 0 0
 42.5 37.5 2.0 45.0 0 1 0 0 1 0 0 0 0 0
 42.5 37.5 2.0 54.0 0 1 0 0 1 0 0 0 0 0
 42.5 37.5 2.0 63.0 0 1 0 0 1 0 0 0 0 0
 42.5 37.5 2.0 72.0 0 1 0 0 1 0 0 0 0 0
 42.5 37.5 2.0 81.0 0 1 0 0 1 0 0 0 0 0
 42.5 37.5 2.0 90.0 0 1 0 0 1 0 0 0 0 0
 42.5 42.5 2.0 0.0 1 0 0 0 0 1 0 0 0 0
 42.6777 37.6777 2.0 45.0 0 0 0 0 1 0 0 0 0 0
 42.7235 29.2827 2.0 54.0 0 0 0 0 0 0 0 1 0 0
 43.561 35.0904 2.0 63.0 0 1 0 1 0 0 0 0 0 0
 43.7764 27.7254 2.0 18.0 1 0 0 0 0 0 0 0 0 0
 44.1929 31.3052 2.0 54.0 0 0 0 0 0 0 0 1 0 0
 44.4454 39.4454 2.0 45.0 0 0 0 0 1 0 0 0 0 0
 44.5897 38.3749 2.0 0.0 0 1 0 0 0 0 0 0 0 0
 44.5897 38.3749 2.0 18.0 0 1 0 0 0 0 0 0 0 0
 44.5897 38.3749 2.0 27.0 0 1 0 0 0 0 0 0 0 0
 44.5897 38.3749 2.0 351.0 0 1 0 0 0 0 0 0 0 0
 44.5897 38.3749 2.0 36.0 0 1 0 0 0 0 0 0 0 0
 44.5897 38.3749 2.0 45.0 0 1 0 0 0 0 0 0 0 0
 44.5897 38.3749 2.0 54.0 0 1 0 0 0 0 0 0 0 0
 44.5897 38.3749 2.0 63.0 0 1 0 0 0 0 0 0 0 0
 44.5897 38.3749 2.0 72.0 0 1 0 0 0 0 0 0 0 0
 44.5897 38.3749 2.0 81.0 0 1 0 0 0 0 0 0 0 0
 44.5897 38.3749 2.0 9.0 0 1 0 0 0 0 0 0 0 0
 44.5897 38.3749 2.0 90.0 0 1 0 0 0 0 0 0 0 0
 44.5897 38.3749 2.0 99.0 0 1 0 0 0 0 0 0 0 0
 44.696 37.3179 2.0 27.0 1 0 0 1 0 0 0 0 0 0
 44.696 37.3179 2.0 36.0 1 0 0 1 0 0 0 0 0 0
 44.696 37.3179 2.0 45.0 1 0 0 1 0 0 0 0 0 0
 44.696 37.3179 2.0 54.0 1 0 0 1 0 0 0 0 0 0
 44.696 37.3179 2.0 63.0 0 1 0 1 0 0 0 0 0 0
 44.8776 38.2725 2.0 18.0 1 0 0 0 1 0 0 0 0 0
 44.9808 35.9056 2.0 99.0 0 1 0 0 0 0 0 0 0 0
 45.0 42.5 2.0 0.0 1 0 0 0 0 1 0 0 0 0
 45.3719 33.4364 2.0 99.0 0 1 0 0 0 0 0 0 0 0
 45.6624 33.3278 2.0 54.0 0 0 0 0 0 0 0 1 0 0
 45.763 30.9672 2.0 99.0 0 1 0 0 0 0 0 0 0 0
 46.154 28.498 2.0 18.0 1 0 0 0 0 0 0 0 0 0
 46.154 28.498 2.0 27.0 1 0 0 0 0 0 0 0 0 0
 46.154 28.498 2.0 36.0 1 0 0 0 0 0 0 0 0 0
 46.154 28.498 2.0 45.0 0 1 0 0 0 0 0 0 0 0
 46.154 28.498 2.0 54.0 0 1 0 0 0 0 0 0 0 0
 46.154 28.498 2.0 63.0 0 1 0 0 0 0 0 0 0 0
 46.154 28.498 2.0 72.0 0 1 0 0 0 0 0 0 0 0
 46.154 28.498 2.0 81.0 0 1 0 0 0 0 0 0 0 0
 46.154 28.498 2.0 90.0 0 1 0 0 0 0 0 0 0 0
 46.2132 41.2132 2.0 45.0 0 0 0 0 1 0 0 0 0 0
 46.9673 37.6023 2.0 342.0 0 1 0 0 0 0 0 0 0 0
 47.0736 38.0905 2.0 18.0 1 0 0 1 0 0 0 0 0 0
 47.1319 35.3503 2.0 54.0 0 0 0 0 0 0 0 1 0 0
 47.2553 39.0451 2.0 18.0 1 0 0 0 1 0 0 0 0 0
 47.5 42.5 2.0 0.0 1 0 0 0 0 1 0 0 0 0
 47.981 42.981 2.0 45.0 0 0 0 0 1 0 0 0 0 0
 48.6013 37.3729 2.0 54.0 0 0 0 0 0 0 0 1 0 0
 49.4366 37.2112 2.0 351.0 0 1 0 0 0 0 0 0 0 0
 49.4513 38.863 2.0 18.0 1 0 0 1 0 0 0 0 0 0
 49.6329 39.8176 2.0 18.0 1 0 0 0 1 0 0 0 0 0
 49.7488 44.7488 2.0 45.0 0 0 0 0 1 0 0 0 0 0
 50.0 42.5 2.0 0.0 1 0 0 0 0 1 0 0 0 0
 50.0708 39.3954 2.0 54.0 0 0 0 0 0 0 0 1 0 0
 51.5165 46.5165 2.0 45.0 0 0 1 1 0 0 0 0 0 0
 51.5165 46.5165 2.0 54.0 0 0 1 1 0 0 0 0 0 0
 51.5402 41.4179 2.0 54.0 0 0 0 0 0 0 0 1 0 0
 51.8289 39.6355 2.0 18.0 1 0 0 1 0 0 0 0 0 0
 51.9058 36.8201 2.0 351.0 0 1 0 0 0 0 0 0 0 0
 52.0106 40.5902 2.0 18.0 1 0 0 0 1 0 0 0 0 0
 52.5 42.5 2.0 0.0 1 0 0 0 0 1 0 0 0 0
 52.5749 68.0144 2.0 99.0 0 1 0 0 0 0 0 0 0 0
 52.5749 70.5144 2.0 90.0 0 1 0 0 0 0 0 0 0 0
 52.5749 73.0144 2.0 90.0 0 1 0 0 0 0 0 0 0 0
 52.6515 48.744 2.0 63.0 0 0 1 1 0 0 0 0 0 0
 52.966 65.5452 2.0 99.0 0 1 0 0 0 0 0 0 0 0
 53.0097 43.4405 2.0 54.0 0 0 0 0 0 0 0 1 0 0
 53.3571 63.0759 2.0 99.0 0 1 0 0 0 0 0 0 0 0
 53.7482 60.6067 2.0 99.0 0 1 0 0 0 0 0 0 0 0
 53.7865 50.9716 2.0 63.0 0 0 1 1 0 0 0 0 0 0
 54.1393 58.1375 2.0 99.0 0 1 0 0 0 0 0 0 0 0
 54.2066 40.4081 2.0 18.0 1 0 0 1 0 0 0 0 0 0
 54.375 36.4291 2.0 351.0 0 1 0 0 0 0 0 0 0 0
 54.3882 41.3627 2.0 18.0 1 0 0 0 1 0 0 0 0 0
 54.4792 45.463 2.0 54.0 0 0 0 0 0 0 0 1 0 0
 54.5304 55.6683 2.0 99.0 0 1 0 0 0 0 0 0 0 0
 54.9215 53.1991 2.0 63.0 0 0 1 1 0 0 0 0 0 0
 54.9215 53.1991 2.0 72.0 0 0 1 1 0 0 0 0 0 0
 54.9215 53.1991 2.0 81.0 0 0 1 1 0 0 0 0 0 0
 54.9215 53.1991 2.0 90.0 0 1 0 0 0 0 0 0 0 0
 55.0 42.5 2.0 0.0 1 0 0 0 0 1 0 0 0 0
 55.0 45.0 2.0 0.0 1 0 0 0 0 1 0 0 0 0
 55.0 47.5 2.0 0.0 1 0 0 0 0 1 0 0 0 0
 55.0 50.0 2.0 0.0 1 0 0 0 0 1 0 0 0 0
 55.0 52.5 2.0 0.0 1 0 0 0 0 1 0 0 0 0
 55.0 55.0 2.0 0.0 1 0 0 0 0 1 0 0 0 0
 55.0 57.5 2.0 0.0 1 0 0 0 0 1 0 0 0 0
 55.0749 73.0144 2.0 90.0 0 1 0 0 0 0 0 0 0 0
 55.1342 77.2325 2.0 27.0 0 0 0 0 0 0 0 1 0 0
 55.1342 77.2325 2.0 36.0 0 0 0 0 0 0 0 1 0 0
 55.1342 77.2325 2.0 45.0 0 0 0 0 0 0 0 1 0 0
 55.1342 77.2325 2.0 54.0 0 0 0 0 0 0 0 1 0 0
 55.1342 77.2325 2.0 63.0 0 0 0 0 0 0 0 1 0 0
 55.1342 77.2325 2.0 72.0 0 0 0 0 0 0 0 1 0 0
 55.1342 77.2325 2.0 81.0 0 0 0 0 0 0 0 1 0 0
 55.1342 77.2325 2.0 90.0 0 0 0 0 0 0 0 1 0 0
 55.1342 77.2325 2.0 99.0 0 0 0 0 0 0 0 1 0 0
 55.5253 74.7633 2.0 99.0 0 0 0 0 0 0 0 1 0 0
 55.9164 72.2941 2.0 99.0 0 0 0 0 0 0 0 1 0 0
 55.9486 47.4856 2.0 54.0 0 0 0 0 0 0 0 1 0 0
 56.3074 69.8249 2.0 99.0 0 0 0 0 0 0 0 1 0 0
 56.5842 41.1806 2.0 18.0 1 0 0 1 0 0 0 0 0 0
 56.5842 41.1806 2.0 27.0 1 0 0 1 0 0 0 0 0 0
 56.5842 41.1806 2.0 36.0 1 0 0 1 0 0 0 0 0 0
 56.5842 41.1806 2.0 45.0 1 0 0 1 0 0 0 0 0 0
 56.5842 41.1806 2.0 54.0 0 0 0 1 0 0 0 0 0 0
 56.5842 41.1806 2.0 63.0 0 0 0 1 0 0 0 0 0 0
 56.5842 41.1806 2.0 72.0 0 0 0 1 0 0 0 0 0 0
 56.5842 41.1806 2.0 81.0 0 0 0 1 0 0 0 0 0 0
 56.5842 43.6806 2.0 90.0 0 0 0 1 0 0 0 0 0 0
 56.5842 46.1806 2.0 90.0 0 0 0 1 0 0 0 0 0 0
 56.5842 48.6806 2.0 90.0 0 0 0 1 0 0 0 0 0 0
 56.5842 51.1806 2.0 90.0 0 0 0 1 0 0 0 0 0 0
 56.5842 53.6806 2.0 90.0 0 0 0 1 0 0 0 0 0 0
 56.5842 56.1806 2.0 90.0 0 1 0 0 0 0 0 0 0 0
 56.5842 58.6806 2.0 90.0 0 1 0 0 0 0 0 0 0 0
 56.5842 61.1806 2.0 90.0 0 1 0 0 0 0 0 0 0 0
 56.5842 63.6806 2.0 90.0 0 1 0 0 0 0 0 0 0 0
 56.5842 66.1806 2.0 63.0 0 0 0 1 0 0 0 0 0 0
 56.5842 66.1806 2.0 72.0 0 0 0 1 0 0 0 0 0 0
 56.5842 66.1806 2.0 81.0 0 1 0 0 0 0 0 0 0 0
 56.5842 66.1806 2.0 90.0 0 1 0 0 0 0 0 0 0 0
 56.6985 67.3556 2.0 99.0 0 0 0 0 0 0 0 1 0 0
 56.7658 42.1352 2.0 18.0 1 0 0 0 1 0 0 0 0 0
 56.8442 36.038 2.0 351.0 0 1 0 0 0 0 0 0 0 0
 57.0896 64.8864 2.0 99.0 0 1 0 0 0 0 0 0 0 0
 57.4181 49.5081 2.0 54.0 0 0 0 0 0 0 0 1 0 0
 57.4181 49.5081 2.0 63.0 0 0 1 0 0 0 0 0 0 0
 57.4181 49.5081 2.0 72.0 0 0 1 0 0 0 0 0 0 0
 57.4181 49.5081 2.0 81.0 0 0 1 0 0 0 0 0 0 0
 57.4181 52.0081 2.0 90.0 0 0 1 0 0 0 0 0 0 0
 57.4181 54.5081 2.0 90.0 1 1 0 0 0 0 1 0 1 0
 57.4181 57.0081 2.0 90.0 1 1 0 0 0 0 1 0 1 0
 57.4181 59.5081 2.0 90.0 1 1 0 0 0 0 1 0 1 0
 57.4181 62.0081 2.0 90.0 1 1 0 0 0 0 1 0 1 0
 57.4181 64.5081 2.0 90.0 1 1 0 0 0 0 1 0 1 0
 57.4181 67.0081 2.0 90.0 1 1 0 0 0 0 1 0 1 0
 57.4181 69.5081 2.0 90.0 1 1 0 0 0 0 1 0 1 0
 57.4181 72.0081 2.0 90.0 1 1 0 0 0 0 1 0 1 0
 57.4181 74.5081 2.0 90.0 1 1 0 0 0 0 1 0 1 0
 57.4181 77.0081 2.0 90.0 1 1 0 0 0 0 1 0 1 0
 57.4181 79.5081 2.0 27.0 0 1 0 0 0 0 0 0 1 0
 57.4181 79.5081 2.0 36.0 0 1 0 0 0 0 0 0 1 0
 57.4181 79.5081 2.0 45.0 0 1 0 0 0 0 0 0 1 0
 57.4181 79.5081 2.0 54.0 0 1 0 0 0 0 0 0 1 0
 57.4181 79.5081 2.0 63.0 1 1 0 0 0 0 1 0 1 0
 57.4181 79.5081 2.0 72.0 1 1 0 0 0 0 1 0 1 0
 57.4181 79.5081 2.0 81.0 1 1 0 0 0 0 1 0 1 0
 57.4181 79.5081 2.0 90.0 1 1 0 0 0 0 1 0 1 0
 57.4807 62.4172 2.0 99.0 0 1 0 0 0 0 0 0 0 0
 57.5 57.5 2.0 0.0 1 0 0 0 0 1 0 0 0 0
 57.5 60.0 2.0 0.0 1 0 0 0 0 1 0 0 0 0
 57.5 62.5 2.0 0.0 0 0 0 0 0 0 1 0 0 0
 57.5 65.0 2.0 0.0 0 0 0 0 0 0 1 0 0 0
 57.5 67.5 2.0 0.0 0 0 0 0 0 0 1 0 0 0
 57.5 70.0 2.0 0.0 0 0 0 0 0 0 1 0 0 0
 57.5 72.5 2.0 0.0 0 0 0 0 0 0 1 0 0 0
 57.5 75.0 2.0 0.0 0 0 0 0 0 0 1 0 0 0
 57.5 77.5 2.0 0.0 0 0 0 0 0 0 1 0 0 0
 57.5118 78.0051 2.0 18.0 0 0 0 0 0 0 0 1 0 0
 57.5749 73.0144 2.0 54.0 0 0 1 1 0 0 0 0 0 1
 57.5749 73.0144 2.0 63.0 0 0 1 1 0 0 0 0 0 1
 57.5749 73.0144 2.0 72.0 0 0 1 1 0 0 0 0 0 1
 57.5749 73.0144 2.0 81.0 0 0 1 1 0 0 0 0 0 1
 57.5749 73.0144 2.0 90.0 0 1 0 0 0 0 0 0 0 0
 57.8718 59.948 2.0 99.0 0 1 0 0 0 0 0 0 0 0
 58.0013 65.9033 2.0 99.0 0 1 0 0 1 0 0 0 0 0
 58.0537 68.2032 2.0 54.0 0 0 0 1 0 0 0 0 0 0
 58.2629 57.4788 2.0 99.0 0 1 0 0 0 0 0 0 0 0
 58.3924 63.4341 2.0 99.0 0 1 0 0 1 0 0 0 0 0
 58.654 55.0095 2.0 99.0 0 1 0 0 0 0 0 0 0 0
 58.7835 60.9649 2.0 99.0 0 1 0 0 1 0 0 0 0 0
 59.0451 52.5403 2.0 99.0 0 1 0 0 0 0 0 0 0 0
 59.1435 42.9078 2.0 18.0 1 0 0 0 1 0 0 0 0 0
 59.1746 58.4956 2.0 99.0 0 1 0 0 1 0 0 0 0 0
 59.3134 35.6469 2.0 351.0 0 1 0 0 0 0 0 0 0 0
 59.3427 74.7822 2.0 45.0 0 0 1 1 0 0 0 0 0 1
 59.4361 50.0711 2.0 99.0 0 1 0 0 0 0 0 0 0 0
 59.5231 70.2257 2.0 54.0 0 0 0 1 0 0 0 0 0 0
 59.5657 56.0264 2.0 99.0 0 1 0 0 1 0 0 0 0 0
 59.7957 80.2806 2.0 18.0 0 1 0 0 0 0 0 0 1 0
 59.8272 47.6019 2.0 99.0 0 1 0 0 0 0 0 0 0 0
 59.8895 78.7776 2.0 18.0 0 0 0 0 0 0 0 1 0 0
 59.9568 53.5572 2.0 99.0 0 1 0 0 1 0 0 0 0 0
 60.0 57.5 2.0 0.0 1 0 0 0 0 1 0 0 0 0
 60.0 60.0 2.0 0.0 1 0 0 0 0 1 0 0 0 0
 60.0 77.5 2.0 0.0 0 0 0 0 0 0 1 0 0 0
 60.2183 45.1327 2.0 99.0 0 1 0 0 0 0 0 0 0 0
 60.3479 51.088 2.0 99.0 0 0 1 1 0 0 0 0 0 0
 60.4706 66.2944 2.0 99.0 0 1 0 0 1 0 0 0 0 0
 60.6094 42.6634 2.0 99.0 0 1 0 0 0 0 0 0 0 0
 60.7389 48.6188 2.0 99.0 0 0 1 1 0 0 0 0 0 0
 60.9926 72.2483 2.0 54.0 0 1 0 0 0 0 0 0 0 0
 61.0005 40.1942 2.0 99.0 0 1 0 0 0 0 0 0 0 0
 61.1105 76.5499 2.0 45.0 0 0 1 1 0 0 0 0 0 1
 61.13 46.1495 2.0 99.0 0 0 1 1 0 0 0 0 0 0
 61.3916 37.725 2.0 99.0 0 1 0 0 0 0 0 0 0 0
 61.5211 43.6803 2.0 18.0 0 0 1 1 0 0 0 0 0 0
 61.5211 43.6803 2.0 18.0 1 0 0 0 1 0 0 0 0 0
 61.5211 43.6803 2.0 27.0 0 0 1 1 0 0 0 0 0 0
 61.5211 43.6803 2.0 36.0 0 0 1 1 0 0 0 0 0 0
 61.5211 43.6803 2.0 45.0 0 0 1 1 0 0 0 0 0 0
 61.5211 43.6803 2.0 54.0 0 0 1 1 0 0 0 0 0 0
 61.5211 43.6803 2.0 63.0 0 0 1 1 0 0 0 0 0 0
 61.5211 43.6803 2.0 72.0 0 0 1 1 0 0 0 0 0 0
 61.5211 43.6803 2.0 81.0 0 0 1 1 0 0 0 0 0 0
 61.5211 43.6803 2.0 90.0 0 0 1 1 0 0 0 0 0 0
 61.7827 35.2558 2.0 18.0 0 1 0 0 0 0 0 0 0 0
 61.7827 35.2558 2.0 27.0 0 1 0 0 0 0 0 0 0 0
 61.7827 35.2558 2.0 351.0 0 1 0 0 0 0 0 0 0 0
 61.7827 35.2558 2.0 36.0 0 1 0 0 0 0 0 0 0 0
 61.7827 35.2558 2.0 360.0 0 1 0 0 0 0 0 0 0 0
 61.7827 35.2558 2.0 45.0 0 1 0 0 0 0 0 0 0 0
 61.7827 35.2558 2.0 54.0 0 1 0 0 0 0 0 0 0 0
 61.7827 35.2558 2.0 63.0 0 1 0 0 0 0 0 0 0 0
 61.7827 35.2558 2.0 72.0 0 1 0 0 0 0 0 0 0 0
 61.7827 35.2558 2.0 81.0 0 1 0 0 0 0 0 0 0 0
 61.7827 35.2558 2.0 9.0 0 1 0 0 0 0 0 0 0 0
 61.7827 35.2558 2.0 90.0 0 1 0 0 0 0 0 0 0 0
 62.1734 81.0532 2.0 18.0 0 1 0 0 0 0 0 0 1 0
 62.2671 79.5502 2.0 18.0 0 0 0 0 0 0 0 1 0 0
 62.4621 74.2708 2.0 54.0 0 1 0 0 0 0 0 0 0 0
 62.5 57.5 2.0 0.0 1 0 0 0 0 1 0 0 0 0
 62.5 60.0 2.0 0.0 1 0 0 0 0 1 0 0 0 0
 62.5 77.5 2.0 0.0 0 0 0 0 0 0 1 0 0 0
 62.8782 78.3177 2.0 27.0 0 0 1 1 0 0 0 0 0 1
 62.8782 78.3177 2.0 36.0 0 0 1 1 0 0 0 0 0 1
 62.8782 78.3177 2.0 45.0 0 0 1 1 0 0 0 0 0 1
 62.9398 66.6855 2.0 99.0 0 0 0 1 0 0 0 0 0 0
 63.9315 76.2934 2.0 54.0 0 1 0 0 0 0 0 0 0 0
 64.551 81.8257 2.0 18.0 0 1 0 0 0 0 0 0 1 0
 64.7363 79.9413 2.0 9.0 0 0 0 0 0 0 0 1 0 0
 65.0 77.5 2.0 0.0 0 0 0 0 0 0 1 0 0 0
 65.2559 79.0902 2.0 18.0 0 0 1 1 0 0 0 0 0 1
 65.3236 79.4481 2.0 18.0 0 1 0 0 0 0 0 0 1 0
 65.401 78.3159 2.0 18.0 0 0 0 1 0 0 0 0 0 0
 65.401 78.3159 2.0 27.0 0 0 0 1 0 0 0 0 0 0
 65.401 78.3159 2.0 36.0 0 1 0 0 0 0 0 0 0 0
 65.401 78.3159 2.0 45.0 0 1 0 0 0 0 0 0 0 0
 65.401 78.3159 2.0 54.0 0 1 0 0 0 0 0 0 0 0
 65.409 67.0766 2.0 99.0 0 0 0 1 0 0 0 0 0 0
 67.2056 80.3323 2.0 9.0 0 0 0 0 0 0 0 1 0 0
 67.5 77.5 2.0 0.0 0 0 0 0 0 0 1 0 0 0
 67.6335 79.8628 2.0 18.0 0 0 1 1 0 0 0 0 0 1
 67.7928 79.8392 2.0 9.0 0 0 1 1 0 0 0 0 0 1
 67.8702 78.707 2.0 9.0 0 0 0 1 0 0 0 0 0 0
 67.8782 67.4676 2.0 54.0 0 0 1 1 0 0 0 0 0 0
 67.8782 67.4676 2.0 63.0 0 0 0 0 0 0 0 0 0 0
 67.8782 67.4676 2.0 63.0 0 0 1 1 0 0 0 0 0 0
 67.8782 67.4676 2.0 72.0 0 0 0 0 0 0 0 0 0 0
 67.8782 67.4676 2.0 72.0 0 0 1 1 0 0 0 0 0 0
 67.8782 67.4676 2.0 81.0 0 0 0 0 0 0 0 0 0 0
 67.8782 67.4676 2.0 81.0 0 1 0 0 1 0 0 0 0 0
 67.8782 67.4676 2.0 90.0 0 0 0 0 0 0 0 0 0 0
 67.8782 67.4676 2.0 99.0 0 0 0 1 0 0 0 0 0 0
 67.8782 69.9676 2.0 90.0 0 1 0 0 1 0 0 0 0 0
 67.8782 72.4676 2.0 90.0 0 1 0 0 1 0 0 0 0 0
 67.8782 74.9676 2.0 90.0 0 1 0 0 1 0 0 0 0 0
 67.8782 77.4676 2.0 18.0 0 0 1 0 0 0 0 1 0 1
 67.8782 77.4676 2.0 27.0 0 0 1 0 0 0 0 1 0 1
 67.8782 77.4676 2.0 36.0 0 0 1 0 0 0 0 1 0 1
 67.8782 77.4676 2.0 45.0 0 0 1 0 0 0 0 1 0 1
 67.8782 77.4676 2.0 54.0 0 0 1 0 0 0 0 1 0 1
 67.8782 77.4676 2.0 63.0 0 1 0 0 1 0 0 0 0 0
 67.8782 77.4676 2.0 72.0 0 1 0 0 1 0 0 0 0 0
 67.8782 77.4676 2.0 81.0 0 1 0 0 1 0 0 0 0 0
 67.8782 77.4676 2.0 90.0 0 1 0 0 1 0 0 0 0 0
 69.6748 80.7234 2.0 9.0 1 0 0 0 0 0 0 0 0 0
 70.0 77.5 2.0 0.0 0 0 0 0 0 0 1 0 0 0
 70.0112 80.6353 2.0 18.0 1 0 1 1 1 0 0 0 0 1
 70.262 80.2303 2.0 9.0 0 0 1 1 0 0 0 0 0 1
 70.3394 79.0981 2.0 9.0 0 0 0 1 0 0 0 0 0 0
 70.3474 77.8587 2.0 9.0 0 0 1 0 0 0 0 1 0 1
 70.7837 78.2577 2.0 18.0 1 0 1 1 1 0 0 0 0 1
 72.144 81.1145 2.0 9.0 1 0 0 0 0 0 0 0 0 0
 72.5 77.5 2.0 0.0 0 0 0 0 0 0 1 0 0 0
 72.7312 80.6213 2.0 9.0 0 0 1 1 0 0 0 0 0 1
 72.8087 79.4892 2.0 9.0 0 0 0 1 0 0 0 0 0 0
 72.8167 78.2498 2.0 9.0 0 0 1 0 0 0 0 1 0 1
 73.2529 78.6488 2.0 9.0 1 0 1 1 1 0 0 0 0 1
 74.6132 81.5056 2.0 9.0 1 0 0 0 0 0 0 0 0 0
 75.0 77.5 2.0 0.0 0 0 0 0 0 0 1 0 0 0
 75.2005 81.0124 2.0 9.0 0 0 1 1 0 0 0 0 0 1
 75.2779 79.8802 2.0 9.0 0 0 0 1 0 0 0 0 0 0
 75.2859 78.6409 2.0 9.0 0 0 1 0 0 0 0 1 0 1
 75.7222 79.0399 2.0 9.0 1 0 1 1 1 0 0 0 0 1
 77.0824 81.8967 2.0 9.0 1 0 0 0 0 0 0 0 0 0
 77.5 77.5 2.0 0.0 0 0 0 0 0 0 1 0 0 0
 77.6697 81.4035 2.0 9.0 0 0 1 1 0 0 0 0 0 1
 77.7471 80.2713 2.0 9.0 0 0 0 1 0 0 0 0 0 0
 77.7551 79.032 2.0 9.0 0 0 1 0 0 0 0 1 0 1
 78.1914 79.4309 2.0 9.0 1 0 1 1 1 0 0 0 0 1
 79.5517 82.2878 2.0 9.0 1 0 0 0 0 0 0 0 0 0
 80.0 77.5 2.0 0.0 0 0 0 0 0 0 1 0 0 0
 80.1389 81.7946 2.0 9.0 0 0 1 1 0 0 0 0 0 1
 80.2163 80.6624 2.0 9.0 0 0 0 1 0 0 0 0 0 0
 80.2243 79.423 2.0 9.0 1 0 0 0 1 0 0 0 0 0
 80.6606 79.822 2.0 9.0 1 0 1 1 1 0 0 0 0 1
 82.0209 82.6788 2.0 9.0 1 0 0 0 0 0 0 0 0 0
 82.5 77.5 2.0 0.0 0 0 0 0 0 0 1 0 0 0
 82.6081 82.1857 2.0 9.0 0 0 1 1 0 0 0 0 0 1
 82.6936 79.8141 2.0 9.0 1 0 0 0 1 0 0 0 0 0
 82.7163 80.6624 2.0 0.0 0 0 0 1 0 0 0 0 0 0
 83.1298 80.2131 2.0 9.0 1 0 1 1 1 0 0 0 0 1
 84.4901 83.0699 2.0 9.0 1 0 0 0 0 0 0 0 0 0
 85.0 77.5 2.0 0.0 0 0 0 0 0 0 1 0 0 0
 85.0774 82.5768 2.0 9.0 0 0 1 1 0 0 0 0 0 1
 85.1628 80.2052 2.0 9.0 1 0 0 0 1 0 0 0 0 0
 85.2163 80.6624 2.0 0.0 0 0 0 1 0 0 0 0 0 0
 85.599 80.6042 2.0 9.0 1 0 1 1 1 0 0 0 0 1
 86.9593 83.461 2.0 9.0 1 0 0 0 0 0 0 0 0 0
 87.5 77.5 2.0 0.0 0 0 0 0 0 0 1 0 0 0
 87.5466 82.9678 2.0 9.0 0 0 1 1 0 0 0 0 0 1
 87.632 80.5963 2.0 9.0 1 0 0 0 1 0 0 0 0 0
 87.7163 80.6624 2.0 0.0 0 0 0 1 0 0 0 0 0 0
 88.0683 80.9953 2.0 9.0 1 0 1 1 1 0 0 0 0 1
 89.4286 83.8521 2.0 9.0 1 0 0 0 0 0 0 0 0 0
 90.0 77.5 2.0 0.0 0 0 0 0 0 0 1 0 0 0
 90.0158 83.3589 2.0 9.0 0 0 1 1 0 0 0 0 0 1
 90.1012 80.9874 2.0 9.0 1 0 0 0 1 0 0 0 0 0
 90.2163 80.6624 2.0 0.0 0 0 0 1 0 0 0 0 0 0
 90.5375 81.3864 2.0 9.0 1 0 1 1 1 0 0 0 0 1
 91.8978 84.2432 2.0 9.0 1 0 0 0 0 0 0 0 0 0
 92.485 83.75 2.0 9.0 0 0 1 1 0 0 0 0 0 1
 92.5 77.5 2.0 0.0 0 0 0 0 0 0 1 0 0 0
 92.5704 81.3785 2.0 9.0 1 0 0 0 1 0 0 0 0 0
 92.7163 80.6624 2.0 0.0 0 0 0 1 0 0 0 0 0 0
 93.0067 81.7774 2.0 9.0 1 0 1 1 1 0 0 0 0 1
 94.367 84.6342 2.0 9.0 1 0 0 0 0 0 0 0 0 0
 94.9542 84.1411 2.0 9.0 0 0 1 1 0 0 0 0 0 1
 95.0 77.5 2.0 0.0 0 0 0 0 0 0 1 0 0 0
 95.0397 81.7695 2.0 9.0 1 0 0 0 1 0 0 0 0 0
 95.2163 80.6624 2.0 0.0 0 0 0 1 0 0 0 0 0 0
 95.4759 82.1685 2.0 9.0 1 0 1 1 1 0 0 0 0 1
 96.8362 85.0253 2.0 9.0 1 0 0 0 0 0 0 0 0 0
 97.4235 84.5322 2.0 9.0 0 0 1 1 0 0 0 0 0 1
 97.5 77.5 2.0 0.0 1 0 0 0 0 1 0 0 0 0
 97.5089 82.1606 2.0 9.0 1 0 0 0 1 0 0 0 0 0
 97.7163 80.6624 2.0 0.0 1 0 0 0 0 0 0 0 0 0
 97.9452 82.5596 2.0 9.0 1 0 1 1 1 0 0 0 0 1
 99.3055 85.4164 2.0 9.0 1 0 0 0 0 0 0 0 0 0
 99.8927 84.9233 2.0 9.0 0 0 1 1 0 0 0 0 0 1
 99.9781 82.5517 2.0 9.0 1 0 0 0 1 0 0 0 0 0
 100.0 77.5 2.0 0.0 1 0 0 0 0 1 0 0 0 0
 100.216 80.6624 2.0 0.0 1 0 0 0 0 0 0 0 0 0
 100.414 82.9507 2.0 9.0 1 0 1 1 1 0 0 0 0 1
 101.775 85.8075 2.0 9.0 1 0 0 0 0 0 0 0 0 0
 102.362 85.3143 2.0 9.0 0 0 1 1 0 0 0 0 0 1
 102.447 82.9428 2.0 9.0 1 0 0 0 1 0 0 0 0 0
 102.5 77.5 2.0 0.0 1 0 0 0 0 1 0 0 0 0
 102.716 80.6624 2.0 0.0 1 0 0 0 0 0 0 0 0 0
 102.884 83.3418 2.0 9.0 1 0 1 1 1 0 0 0 0 1
 104.244 86.1986 2.0 9.0 1 0 0 0 0 0 0 0 0 0
 104.831 85.7054 2.0 9.0 0 0 1 1 0 0 0 0 0 1
 104.917 83.3339 2.0 9.0 1 0 0 0 1 0 0 0 0 0
 105.0 77.5 2.0 0.0 1 0 0 0 0 1 0 0 0 0
 105.216 80.6624 2.0 0.0 1 0 0 0 0 0 0 0 0 0
 105.353 83.7328 2.0 9.0 1 0 1 1 1 0 0 0 0 1
 106.713 86.5897 2.0 9.0 1 0 0 0 0 0 0 0 0 0
 107.3 86.0965 2.0 9.0 0 0 1 1 0 0 0 0 0 1
 107.386 83.725 2.0 9.0 1 0 0 0 1 0 0 0 0 0
 107.5 77.5 2.0 0.0 1 0 0 0 0 1 0 0 0 0
 107.716 80.6624 2.0 0.0 1 0 0 0 0 0 0 0 0 0
 107.822 84.1239 2.0 9.0 1 0 1 1 1 0 0 0 0 1
 109.182 86.9807 2.0 9.0 1 0 0 0 0 0 0 0 0 0
 109.77 86.4876 2.0 9.0 0 0 1 1 0 0 0 0 0 1
 109.855 84.116 2.0 9.0 1 0 0 0 1 0 0 0 0 0
 110.0 77.5 2.0 0.0 1 0 0 0 0 1 0 0 0 0
 110.216 80.6624 2.0 0.0 1 0 0 0 0 0 0 0 0 0
 110.216 80.6624 2.0 18.0 1 0 0 0 0 0 0 0 0 0
 110.216 80.6624 2.0 27.0 1 0 0 0 0 0 0 0 0 0
 110.216 80.6624 2.0 36.0 1 0 0 0 0 0 0 0 0 0
 110.216 80.6624 2.0 45.0 1 0 0 0 0 0 0 0 0 0
 110.216 80.6624 2.0 9.0 1 0 0 0 0 0 0 0 0 0
 110.291 84.515 2.0 18.0 1 0 1 1 1 0 0 0 0 1
 110.291 84.515 2.0 27.0 1 0 1 1 1 0 0 0 0 1
 110.291 84.515 2.0 36.0 1 0 1 1 1 0 0 0 0 1
 110.291 84.515 2.0 45.0 1 0 1 1 1 0 0 0 0 1
 110.291 84.515 2.0 9.0 1 0 1 1 1 0 0 0 0 1
 111.652 87.3718 2.0 9.0 1 0 0 0 0 0 0 0 0 0
 111.686 82.6849 2.0 54.0 0 0 0 1 0 0 0 0 0 0
 111.761 86.5376 2.0 54.0 1 0 1 1 1 0 0 0 0 1
 112.239 86.8787 2.0 9.0 0 0 1 1 0 0 0 0 0 1
 112.324 84.5071 2.0 9.0 1 0 0 0 1 0 0 0 0 0
 112.5 77.5 2.0 0.0 1 0 0 0 0 1 0 0 0 0
 113.155 84.7075 2.0 54.0 0 0 0 1 0 0 0 0 0 0
 113.155 84.7075 2.0 63.0 0 0 0 1 0 0 0 0 0 0
 113.155 84.7075 2.0 72.0 0 0 0 1 0 0 0 0 0 0
 113.23 88.5601 2.0 54.0 1 0 1 1 1 0 0 0 0 1
 113.23 88.5601 2.0 63.0 0 0 0 0 0 0 0 0 0 0
 113.546 87.1767 2.0 81.0 0 0 0 1 0 0 0 0 0 0
 113.937 89.6459 2.0 81.0 0 0 0 1 0 0 0 0 0 0
 114.003 90.9377 2.0 72.0 0 0 0 0 0 0 0 0 0 0
 114.121 87.7629 2.0 9.0 1 0 0 0 0 0 0 0 0 0
 114.328 92.1152 2.0 81.0 0 0 0 1 0 0 0 0 0 0
 114.371 122.254 2.0 9.0 0 0 0 0 0 0 1 0 0 0
 114.708 87.2698 2.0 9.0 0 0 1 1 0 0 0 0 0 1
 114.72 94.5844 2.0 81.0 0 1 0 0 0 0 0 0 0 0
 114.762 119.785 2.0 9.0 0 0 0 0 0 0 1 0 0 0
 114.775 93.3154 2.0 72.0 0 0 0 0 0 0 0 0 0 0
 114.793 84.8982 2.0 9.0 1 0 0 0 1 0 0 0 0 0
 115.0 77.5 2.0 0.0 1 0 0 0 0 1 0 0 0 0
 115.0 80.0 2.0 0.0 1 0 0 0 0 1 0 0 0 0
 115.0 82.5 2.0 0.0 1 0 0 0 0 1 0 0 0 0
 115.0 85.0 2.0 0.0 1 0 0 0 0 1 0 0 0 0
 115.0 87.5 2.0 0.0 1 0 0 0 0 1 0 0 0 0
 115.0 90.0 2.0 0.0 0 0 0 0 0 1 0 0 0 0
 115.0 92.5 2.0 0.0 0 0 0 0 0 1 0 0 0 0
 115.0 95.0 2.0 0.0 1 0 0 0 0 1 0 0 0 0
 115.111 97.0536 2.0 81.0 0 1 0 0 0 0 0 0 0 0
 115.154 117.315 2.0 9.0 0 0 0 0 0 0 1 0 0 0
 115.502 99.5228 2.0 81.0 0 1 0 0 0 0 0 0 0 0
 115.545 114.846 2.0 9.0 0 0 0 0 0 0 1 0 0 0
 115.548 95.693 2.0 72.0 0 0 0 0 0 0 0 0 0 0
 115.893 101.992 2.0 81.0 0 1 0 0 0 0 0 0 0 0
 115.936 112.377 2.0 9.0 0 0 0 0 0 0 1 0 0 0
 116.272 113.104 2.0 108.0 0 1 0 0 0 0 0 0 0 0
 116.272 113.104 2.0 36.0 0 0 0 0 0 0 0 0 0 0
 116.272 113.104 2.0 45.0 0 0 0 0 0 0 0 0 0 0
 116.272 113.104 2.0 54.0 0 0 0 0 0 0 0 0 0 0
 116.272 113.104 2.0 63.0 0 0 0 0 0 0 0 0 0 0
 116.272 113.104 2.0 72.0 0 0 0 0 0 0 0 0 0 0
 116.272 113.104 2.0 81.0 0 0 0 0 0 0 0 0 0 0
 116.272 113.104 2.0 90.0 0 0 0 0 0 0 0 0 0 0
 116.272 113.104 2.0 99.0 0 1 0 0 0 0 0 0 0 0
 116.284 104.461 2.0 81.0 0 1 0 0 0 0 0 0 0 0
 116.32 98.0707 2.0 72.0 0 0 0 0 0 0 0 0 0 0
 116.327 109.908 2.0 9.0 0 0 0 0 0 0 1 0 0 0
 116.59 88.154 2.0 9.0 1 0 0 0 0 0 0 0 0 0
 116.675 106.93 2.0 81.0 0 1 0 0 0 0 0 0 0 0
 116.718 107.438 2.0 9.0 1 0 0 0 0 1 0 0 0 0
 116.841 122.645 2.0 9.0 0 0 0 0 0 0 1 0 0 0
 117.045 110.726 2.0 108.0 0 1 0 0 0 0 0 0 0 0
 117.066 109.4 2.0 81.0 0 1 0 0 0 0 0 0 0 0
 117.093 100.448 2.0 72.0 0 0 0 0 0 0 0 0 0 0
 117.109 104.969 2.0 9.0 1 0 0 0 0 1 0 0 0 0
 117.177 87.6608 2.0 9.0 0 0 1 1 0 0 0 0 0 1
 117.263 85.2893 2.0 9.0 1 0 0 0 1 0 0 0 0 0
 117.457 111.869 2.0 81.0 0 1 0 0 0 0 0 0 0 0
 117.5 100.0 2.0 0.0 1 0 0 0 0 1 0 0 0 0
 117.5 102.5 2.0 0.0 1 0 0 0 0 1 0 0 0 0
 117.5 95.0 2.0 0.0 1 0 0 0 0 1 0 0 0 0
 117.5 97.5 2.0 0.0 1 0 0 0 0 1 0 0 0 0
 117.817 108.348 2.0 108.0 0 1 0 0 0 0 0 0 0 0
 117.848 114.338 2.0 36.0 0 0 0 1 0 0 0 0 0 0
 117.848 114.338 2.0 45.0 0 0 0 1 0 0 0 0 0 0
 117.848 114.338 2.0 54.0 0 0 0 1 0 0 0 0 0 0
 117.848 114.338 2.0 63.0 0 1 0 0 0 0 0 0 0 0
 117.848 114.338 2.0 72.0 0 1 0 0 0 0 0 0 0 0
 117.848 114.338 2.0 81.0 0 1 0 0 0 0 0 0 0 0
 118.228 102.676 2.0 63.0 0 0 0 0 0 0 0 0 0 0
 118.5 114.239 2.0 27.0 0 0 0 0 0 0 0 0 0 0
 118.59 105.971 2.0 108.0 0 1 0 0 0 0 0 0 0 0
 119.059 88.5451 2.0 9.0 1 0 0 0 0 0 0 0 0 0
 119.31 123.036 2.0 9.0 0 0 0 0 0 0 1 0 0 0
 119.362 103.593 2.0 108.0 0 1 0 0 0 0 0 0 0 0
 119.363 104.903 2.0 63.0 0 0 0 0 0 0 0 0 0 0
 119.646 100.552 2.0 90.0 1 0 0 0 0 0 0 0 0 0
 119.646 103.052 2.0 90.0 1 0 0 0 0 0 0 0 0 0
 119.646 105.552 2.0 90.0 1 0 0 0 0 0 0 0 0 0
 119.646 108.052 2.0 90.0 0 0 0 1 0 0 0 0 0 1
 119.646 110.552 2.0 90.0 0 0 0 1 0 0 0 0 0 1
 119.646 113.052 2.0 90.0 0 0 0 1 0 0 0 0 0 1
 119.646 115.552 2.0 90.0 0 0 0 1 0 0 0 0 0 1
 119.646 118.052 2.0 63.0 0 0 0 1 0 0 0 0 0 1
 119.646 118.052 2.0 72.0 0 0 0 1 0 0 0 0 0 1
 119.646 118.052 2.0 81.0 0 0 0 1 0 0 0 0 0 1
 119.646 118.052 2.0 90.0 0 0 0 1 0 0 0 0 0 1
 119.646 88.0519 2.0 18.0 0 0 1 1 0 0 0 0 0 1
 119.646 88.0519 2.0 27.0 0 0 1 1 0 0 0 0 0 1
 119.646 88.0519 2.0 36.0 0 0 1 1 0 0 0 0 0 1
 119.646 88.0519 2.0 45.0 0 0 1 1 0 0 0 0 0 1
 119.646 88.0519 2.0 54.0 0 0 1 1 0 0 0 0 0 1
 119.646 88.0519 2.0 63.0 0 0 1 1 0 0 0 0 0 1
 119.646 88.0519 2.0 72.0 1 0 0 0 0 0 0 0 0 0
 119.646 88.0519 2.0 81.0 1 0 0 0 0 0 0 0 0 0
 119.646 88.0519 2.0 9.0 0 0 1 1 0 0 0 0 0 1
 119.646 90.5519 2.0 90.0 1 0 0 0 0 0 0 0 0 0
 119.646 93.0519 2.0 90.0 1 0 0 0 0 0 0 0 0 0
 119.646 95.5519 2.0 90.0 1 0 0 0 0 0 0 0 0 0
 119.646 98.0519 2.0 90.0 1 0 0 0 0 0 0 0 0 0
 119.732 85.6804 2.0 9.0 1 0 0 0 1 0 0 0 0 0
 120.0 95.0 2.0 0.0 1 0 0 0 0 1 0 0 0 0
 120.0 97.5 2.0 0.0 1 0 0 0 0 1 0 0 0 0
 120.076 115.473 2.0 27.0 0 0 0 1 0 0 0 0 0 0
 120.076 115.473 2.0 36.0 1 0 0 0 0 0 0 0 0 0
 120.135 101.215 2.0 108.0 0 1 0 0 0 0 0 0 0 0
 120.368 113.624 2.0 63.0 0 0 0 1 0 0 0 0 0 0
 120.368 113.624 2.0 72.0 0 0 0 1 0 0 0 0 0 0
 120.368 113.624 2.0 81.0 0 0 0 1 0 0 0 0 0 0
 120.368 113.624 2.0 90.0 0 1 0 0 1 0 0 0 0 0
 120.368 113.624 2.0 99.0 0 1 0 0 1 0 0 0 0 0
 120.498 107.131 2.0 63.0 0 0 0 0 0 0 0 0 0 0
 120.727 115.374 2.0 27.0 0 0 0 0 0 0 0 0 0 0
 120.76 111.155 2.0 99.0 0 1 0 0 1 0 0 0 0 0
 120.908 98.8378 2.0 108.0 0 1 0 0 0 0 0 0 0 0
 121.116 120.074 2.0 54.0 0 1 0 0 1 0 0 0 0 0
 121.151 108.686 2.0 99.0 0 1 0 0 1 0 0 0 0 0
 121.528 88.9362 2.0 9.0 1 0 0 0 0 0 0 0 0 0
 121.542 106.216 2.0 99.0 0 1 0 0 1 0 0 0 0 0
 121.633 109.358 2.0 63.0 0 0 0 0 0 0 0 0 0 0
 121.68 96.4602 2.0 108.0 0 1 0 0 0 0 0 0 0 0
 121.779 123.427 2.0 9.0 0 0 0 0 0 0 1 0 0 0
 121.838 115.647 2.0 54.0 0 0 0 1 0 0 0 0 0 0
 121.844 117.241 2.0 45.0 1 0 0 0 0 0 0 0 0 0
 121.933 103.747 2.0 99.0 0 1 0 0 1 0 0 0 0 0
 122.201 86.0715 2.0 9.0 1 0 0 0 1 0 0 0 0 0
 122.324 101.278 2.0 99.0 0 1 0 0 1 0 0 0 0 0
 122.453 94.0825 2.0 108.0 0 1 0 0 0 0 0 0 0 0
 122.585 122.097 2.0 54.0 0 1 0 0 1 0 0 0 0 0
 122.715 98.8087 2.0 99.0 0 0 1 1 0 0 0 0 0 0
 122.768 111.586 2.0 63.0 0 0 0 0 0 0 0 0 0 0
 122.955 116.509 2.0 27.0 0 1 0 0 0 0 0 0 0 0
 123.106 96.3394 2.0 99.0 0 0 1 1 0 0 0 0 0 0
 123.225 91.7049 2.0 108.0 0 1 0 0 0 0 0 0 0 0
 123.307 117.669 2.0 54.0 0 0 0 1 0 0 0 0 0 0
 123.497 93.8702 2.0 99.0 0 0 1 1 0 0 0 0 0 0
 123.611 119.009 2.0 45.0 1 0 0 0 0 0 0 0 0 0
 123.888 91.401 2.0 99.0 0 0 1 1 0 0 0 0 0 0
 123.903 113.813 2.0 63.0 0 0 0 0 0 0 0 0 0 0
 123.998 89.3272 2.0 18.0 1 0 0 0 0 0 0 0 0 0
 123.998 89.3272 2.0 27.0 0 1 0 0 0 0 0 0 0 0
 123.998 89.3272 2.0 36.0 0 1 0 0 0 0 0 0 0 0
 123.998 89.3272 2.0 45.0 0 1 0 0 0 0 0 0 0 0
 123.998 89.3272 2.0 54.0 0 1 0 0 0 0 0 0 0 0
 123.998 89.3272 2.0 63.0 0 1 0 0 0 0 0 0 0 0
 123.998 89.3272 2.0 72.0 0 1 0 0 0 0 0 0 0 0
 123.998 89.3272 2.0 81.0 0 1 0 0 0 0 0 0 0 0
 123.998 89.3272 2.0 9.0 1 0 0 0 0 0 0 0 0 0
 123.998 89.3272 2.0 90.0 0 1 0 0 0 0 0 0 0 0
 123.998 89.3272 2.0 99.0 0 1 0 0 0 0 0 0 0 0
 124.055 124.12 2.0 54.0 0 0 0 0 0 0 0 0 0 0
 124.248 123.818 2.0 9.0 1 0 0 0 0 1 0 0 0 0
 124.279 88.9318 2.0 99.0 0 0 1 1 0 0 0 0 0 0
 124.67 86.4625 2.0 18.0 1 0 0 0 1 0 0 0 0 0
 124.67 86.4625 2.0 27.0 1 0 0 0 1 0 0 0 0 0
 124.67 86.4625 2.0 36.0 1 0 0 0 1 0 0 0 0 0
 124.67 86.4625 2.0 45.0 0 0 1 1 0 0 0 0 0 0
 124.67 86.4625 2.0 54.0 0 0 1 1 0 0 0 0 0 0
 124.67 86.4625 2.0 63.0 0 0 1 1 0 0 0 0 0 0
 124.67 86.4625 2.0 72.0 0 0 1 1 0 0 0 0 0 0
 124.67 86.4625 2.0 81.0 0 0 1 1 0 0 0 0 0 0
 124.67 86.4625 2.0 9.0 1 0 0 0 1 0 0 0 0 0
 124.67 86.4625 2.0 90.0 0 0 1 1 0 0 0 0 0 0
 124.777 119.692 2.0 54.0 0 0 0 1 0 0 0 0 0 0
 125.038 116.041 2.0 63.0 0 0 0 0 0 0 0 0 0 0
 125.182 117.644 2.0 27.0 0 1 0 0 0 0 0 0 0 0
 125.379 120.776 2.0 45.0 1 0 0 0 0 0 0 0 0 0
 125.524 126.142 2.0 54.0 0 0 0 0 0 0 0 0 0 0
 126.173 118.268 2.0 63.0 0 0 0 0 0 0 0 0 0 0
 126.246 121.714 2.0 54.0 0 0 0 1 0 0 0 0 0 0
 126.717 124.209 2.0 9.0 1 0 0 0 0 1 0 0 0 0
 127.147 122.544 2.0 45.0 1 0 0 0 0 0 0 0 0 0
 127.308 120.496 2.0 63.0 0 0 0 0 0 0 0 0 0 0
 127.41 118.779 2.0 27.0 0 1 0 0 0 0 0 0 0 0
 127.547 124.673 2.0 54.0 0 0 0 0 0 0 0 0 0 0
 127.716 123.737 2.0 54.0 0 0 0 1 0 0 0 0 0 0
 128.443 122.723 2.0 63.0 0 0 0 0 0 0 0 0 0 0
 128.915 124.312 2.0 45.0 1 0 0 0 0 0 0 0 0 0
 129.016 126.695 2.0 54.0 0 0 0 0 0 0 0 0 0 0
 129.185 125.759 2.0 45.0 0 0 0 1 0 0 0 0 0 0
 129.185 125.759 2.0 54.0 0 0 0 1 0 0 0 0 0 0
 129.187 124.6 2.0 9.0 1 0 0 0 0 1 0 0 0 0
 129.578 124.951 2.0 63.0 0 0 0 0 0 0 0 0 0 0
 129.637 119.914 2.0 27.0 0 1 0 0 0 0 0 0 0 0
 130.682 126.08 2.0 45.0 1 0 0 0 0 0 0 0 0 0
 130.713 127.178 2.0 45.0 0 0 0 0 0 0 0 0 0 0
 130.713 127.178 2.0 54.0 0 0 0 0 0 0 0 0 0 0
 130.713 127.178 2.0 63.0 0 0 0 0 0 0 0 0 0 0
 131.039 125.226 2.0 54.0 0 0 0 0 0 0 0 0 0 0
 131.208 127.229 2.0 36.0 0 0 0 1 0 0 0 0 0 0
 131.656 124.991 2.0 9.0 1 0 0 0 0 1 0 0 0 0
 131.865 121.048 2.0 27.0 0 1 0 0 0 0 0 0 0 0
 132.45 127.848 2.0 45.0 1 0 0 0 0 0 0 0 0 0
 132.508 127.248 2.0 54.0 0 0 0 0 0 0 0 0 0 0
 132.735 128.648 2.0 36.0 0 0 0 0 0 0 0 0 0 0
 133.23 128.698 2.0 36.0 0 0 0 1 0 0 0 0 0 0
 133.978 129.271 2.0 54.0 0 0 0 0 0 0 0 0 0 0
 134.092 122.183 2.0 27.0 0 1 0 0 0 0 0 0 0 0
 134.125 125.382 2.0 9.0 1 0 0 0 0 1 0 0 0 0
 134.218 129.615 2.0 45.0 1 0 0 0 0 0 0 0 0 0
 134.758 130.117 2.0 36.0 0 0 0 0 0 0 0 0 0 0
 135.253 130.168 2.0 36.0 0 0 0 1 0 0 0 0 0 0
 135.447 131.293 2.0 54.0 0 0 0 0 0 0 0 0 0 0
 135.986 131.383 2.0 45.0 1 0 0 0 0 0 0 0 0 0
 136.32 123.318 2.0 27.0 0 1 0 0 0 0 0 0 0 0
 136.326 143.449 2.0 9.0 0 0 0 0 0 0 1 0 0 0
 136.594 125.774 2.0 9.0 1 0 0 0 0 1 0 0 0 0
 136.717 140.98 2.0 9.0 0 0 0 0 0 0 1 0 0 0
 136.78 131.587 2.0 36.0 0 0 0 0 0 0 0 0 0 0
 136.917 133.316 2.0 54.0 0 0 0 0 0 0 0 0 0 0
 137.108 138.511 2.0 9.0 0 0 0 0 0 0 1 0 0 0
 137.275 131.637 2.0 36.0 0 0 0 1 0 0 0 0 0 0
 137.499 136.042 2.0 9.0 0 0 0 0 0 0 1 0 0 0
 137.753 133.151 2.0 45.0 1 0 0 0 0 0 0 0 0 0
 137.89 133.572 2.0 9.0 0 0 0 0 0 0 1 0 0 0
 138.281 131.103 2.0 9.0 0 0 0 0 0 0 1 0 0 0
 138.342 124.788 2.0 36.0 0 1 0 0 0 0 0 0 0 0
 138.386 135.338 2.0 54.0 0 0 0 0 0 0 0 0 0 0
 138.672 128.634 2.0 9.0 0 0 0 0 0 0 1 0 0 0
 138.795 143.84 2.0 9.0 1 0 0 0 0 1 0 0 0 0
 138.803 133.056 2.0 36.0 0 0 0 0 0 0 0 0 0 0
 139.064 126.165 2.0 9.0 1 0 0 0 0 1 0 0 0 0
 139.298 133.107 2.0 36.0 0 0 0 1 0 0 0 0 0 0
 139.521 134.919 2.0 45.0 1 0 0 0 0 0 0 0 0 0
 140.365 126.257 2.0 36.0 0 1 0 0 0 0 0 0 0 0
 140.409 133.869 2.0 54.0 0 0 0 0 0 0 0 0 0 0
 140.825 134.526 2.0 36.0 0 0 0 0 0 0 0 0 0 0
 141.264 144.231 2.0 9.0 1 0 0 0 0 1 0 0 0 0
 141.289 136.686 2.0 45.0 0 0 1 0 0 0 0 0 0 0
 141.32 134.576 2.0 36.0 0 0 0 1 0 0 0 0 0 0
 141.878 135.891 2.0 54.0 0 0 0 0 0 0 0 0 0 0
 142.388 127.727 2.0 36.0 0 1 0 0 0 0 0 0 0 0
 142.848 135.995 2.0 36.0 0 0 0 0 0 0 0 0 0 0
 143.057 138.454 2.0 45.0 0 0 1 0 0 0 0 0 0 0
 143.343 136.046 2.0 36.0 0 0 0 1 0 0 0 0 0 0
 143.348 137.914 2.0 54.0 0 0 0 0 0 0 0 0 0 0
 143.734 144.622 2.0 9.0 1 0 0 0 0 1 0 0 0 0
 144.41 129.196 2.0 36.0 0 0 0 0 0 0 0 0 0 0
 144.817 139.937 2.0 54.0 0 0 0 0 0 0 0 0 0 0
 144.824 140.222 2.0 45.0 0 0 1 0 0 0 0 0 0 0
 144.87 137.465 2.0 36.0 0 0 0 0 0 0 0 0 0 0
 145.365 137.515 2.0 36.0 0 0 0 1 0 0 0 0 0 0
 146.178 130.964 2.0 45.0 0 0 0 0 0 0 0 0 0 0
 146.203 145.014 2.0 9.0 1 0 0 0 0 1 0 0 0 0
 146.287 141.959 2.0 54.0 0 0 0 0 0 0 0 0 0 0
 146.592 141.99 2.0 45.0 0 0 1 0 0 0 0 0 0 0
 146.893 138.934 2.0 36.0 0 0 0 0 0 0 0 0 0 0
 147.388 138.984 2.0 36.0 0 0 0 1 0 0 0 0 0 0
 147.756 143.982 2.0 54.0 0 0 0 0 0 0 0 0 0 0
 147.946 132.732 2.0 45.0 0 0 0 0 0 0 0 0 0 0
 148.36 143.757 2.0 45.0 0 0 1 0 0 0 0 0 0 0
 148.672 145.405 2.0 9.0 1 0 0 0 0 1 0 0 0 0
 148.915 140.404 2.0 36.0 0 0 0 0 0 0 0 0 0 0
 149.226 146.004 2.0 54.0 0 0 0 0 0 0 0 0 0 0
 149.411 140.454 2.0 36.0 0 0 0 1 0 0 0 0 0 0
 149.713 134.5 2.0 45.0 0 0 0 0 0 0 0 0 0 0
 150.128 145.525 2.0 45.0 0 0 1 0 0 0 0 0 0 0
 150.938 141.873 2.0 36.0 0 0 0 0 0 0 0 0 0 0
 151.141 145.796 2.0 9.0 1 0 0 0 0 1 0 0 0 0
 151.248 144.535 2.0 54.0 0 0 0 0 0 0 0 0 0 0
 151.433 141.923 2.0 36.0 0 0 0 1 0 0 0 0 0 0
 151.481 136.267 2.0 45.0 0 0 0 0 0 0 0 0 0 0
 151.895 147.293 2.0 45.0 0 0 1 0 0 0 0 0 0 0
 152.718 146.557 2.0 54.0 0 0 0 0 0 0 0 0 0 0
 152.828 151.125 2.0 9.0 1 0 0 0 0 1 0 0 0 0
 152.961 143.343 2.0 36.0 0 0 0 0 0 0 0 0 0 0
 153.219 148.656 2.0 9.0 1 0 0 0 0 1 0 0 0 0
 153.249 138.035 2.0 45.0 0 0 0 0 0 0 0 0 0 0
 153.456 143.393 2.0 36.0 0 0 0 1 0 0 0 0 0 0
 153.611 146.187 2.0 9.0 1 0 0 0 0 1 0 0 0 0
 153.663 149.061 2.0 45.0 0 0 1 0 0 0 0 0 0 0
 154.187 148.58 2.0 54.0 0 0 0 0 0 0 0 0 0 0
 154.983 144.812 2.0 36.0 0 0 0 0 0 0 0 0 0 0
 154.983 144.812 2.0 45.0 0 0 0 0 0 0 0 0 0 0
 154.983 144.812 2.0 54.0 0 0 0 0 0 0 0 0 0 0
 154.983 144.812 2.0 63.0 0 0 0 0 0 0 0 0 0 0
 155.017 139.803 2.0 45.0 0 0 0 0 0 0 0 0 0 0
 155.431 150.828 2.0 45.0 0 0 1 0 0 0 0 0 0 0
 155.478 144.862 2.0 36.0 0 0 0 1 0 0 0 0 0 0
 155.656 150.602 2.0 54.0 0 0 0 0 0 0 0 0 0 0
 155.756 147.19 2.0 72.0 0 0 0 0 0 0 0 0 0 0
 156.528 149.567 2.0 72.0 0 0 0 0 0 0 0 0 0 0
 156.784 141.571 2.0 45.0 0 0 0 0 0 0 0 0 0 0
 156.919 152.037 2.0 81.0 0 0 0 0 0 0 0 0 0 0
 157.501 146.332 2.0 36.0 0 0 0 1 0 0 0 0 0 0
 157.501 146.332 2.0 45.0 0 0 0 1 0 0 0 0 0 0
 157.501 146.332 2.0 54.0 0 0 0 1 0 0 0 0 0 0
 157.501 146.332 2.0 63.0 0 0 0 1 0 0 0 0 0 0
 157.501 146.332 2.0 72.0 0 0 0 1 0 0 0 0 0 0
 157.892 148.801 2.0 81.0 0 0 0 1 0 0 0 0 0 0
 158.283 151.27 2.0 81.0 0 0 0 1 0 0 0 0 0 0
 158.552 143.338 2.0 45.0 0 0 0 0 0 0 0 0 0 0
 160.32 145.106 2.0 45.0 0 0 0 0 0 0 0 0 0 0
 160.32 145.106 2.0 54.0 0 0 0 0 0 0 0 0 0 0
 160.32 145.106 2.0 63.0 0 0 0 0 0 0 0 0 0 0
 160.32 145.106 2.0 72.0 0 0 0 0 0 0 0 0 0 0
 160.32 145.106 2.0 81.0 0 0 0 0 0 0 0 0 0 0
 160.32 147.606 2.0 90.0 0 0 0 0 0 0 0 0 0 0
 160.32 150.106 2.0 90.0 0 0 0 0 0 0 0 0 0 0
