 27.5 20.0 2.0 0.0 0 0 0 0 0 0 0 0 0 0
 27.5 20.0 2.0 0.0 0 0 1 0 0 0 0 1 0 1
 27.5 20.0 2.0 0.0 0 0 1 1 0 0 0 0 0 0
 27.5 20.0 2.0 0.0 0 0 1 1 0 0 0 1 0 0
 27.5 20.0 2.0 0.0 1 0 1 1 0 0 0 0 0 0
 30.0 20.0 2.0 0.0 0 0 0 0 0 0 0 0 0 0
 30.0 20.0 2.0 0.0 0 0 1 0 0 0 0 1 0 1
 30.0 20.0 2.0 0.0 0 0 1 1 0 0 0 0 0 0
 30.0 20.0 2.0 0.0 0 0 1 1 0 0 0 1 0 0
 30.0 20.0 2.0 0.0 1 0 1 1 0 0 0 0 0 0
 32.5 20.0 2.0 0.0 0 0 0 0 0 0 0 0 0 0
 32.5 20.0 2.0 0.0 0 0 1 0 0 0 0 1 0 1
 32.5 20.0 2.0 0.0 0 0 1 1 0 0 0 0 0 0
 32.5 20.0 2.0 0.0 0 0 1 1 0 0 0 1 0 0
 32.5 20.0 2.0 0.0 1 0 1 1 0 0 0 0 0 0
 35.0 20.0 2.0 0.0 0 0 0 0 0 0 0 0 0 0
 35.0 20.0 2.0 0.0 0 0 1 0 0 0 0 1 0 1
 35.0 20.0 2.0 0.0 0 0 1 1 0 0 0 0 0 0
 35.0 20.0 2.0 0.0 0 0 1 1 0 0 0 1 0 0
 35.0 20.0 2.0 0.0 1 0 1 1 0 0 0 0 0 0
 37.5 20.0 2.0 0.0 0 0 0 0 0 0 0 0 0 0
 37.5 20.0 2.0 0.0 0 0 1 0 0 0 0 1 0 1
 37.5 20.0 2.0 0.0 0 0 1 1 0 0 0 0 0 0
 37.5 20.0 2.0 0.0 0 0 1 1 0 0 0 1 0 0
 37.5 20.0 2.0 0.0 1 0 1 1 0 0 0 0 0 0
 40.0 20.0 2.0 0.0 0 0 0 0 0 0 0 0 0 0
 40.0 20.0 2.0 0.0 0 0 1 0 0 0 0 1 0 1
 40.0 20.0 2.0 0.0 0 0 1 1 0 0 0 0 0 0
 40.0 20.0 2.0 0.0 0 0 1 1 0 0 0 1 0 0
 40.0 20.0 2.0 0.0 1 0 1 1 0 0 0 0 0 0
 42.5 20.0 2.0 0.0 0 0 0 0 0 0 0 0 0 0
 42.5 20.0 2.0 0.0 0 0 1 0 0 0 0 1 0 1
 42.5 20.0 2.0 0.0 0 0 1 1 0 0 0 0 0 0
 42.5 20.0 2.0 0.0 0 0 1 1 0 0 0 1 0 0
 42.5 20.0 2.0 0.0 1 0 1 1 0 0 0 0 0 0
 45.0 20.0 2.0 0.0 0 0 0 0 0 0 0 0 0 0
 45.0 20.0 2.0 0.0 0 0 1 0 0 0 0 1 0 1
 45.0 20.0 2.0 0.0 0 0 1 1 0 0 0 0 0 0
 45.0 20.0 2.0 0.0 0 0 1 1 0 0 0 1 0 0
 45.0 20.0 2.0 0.0 1 0 1 1 0 0 0 0 0 0
 47.5 20.0 2.0 0.0 0 0 0 0 0 0 0 0 0 0
 47.5 20.0 2.0 0.0 0 0 1 0 0 0 0 1 0 1
 47.5 20.0 2.0 0.0 0 0 1 1 0 0 0 0 0 0
 47.5 20.0 2.0 0.0 0 0 1 1 0 0 0 1 0 0
 47.5 20.0 2.0 0.0 1 0 1 1 0 0 0 0 0 0
 50.0 20.0 2.0 0.0 0 0 0 0 0 0 0 0 0 0
 50.0 20.0 2.0 0.0 0 0 1 0 0 0 0 1 0 1
 50.0 20.0 2.0 0.0 0 0 1 1 0 0 0 0 0 0
 50.0 20.0 2.0 0.0 1 0 0 0 0 0 0 0 1 0
 50.0 20.0 2.0 0.0 1 0 1 1 0 0 0 0 0 0
 52.5 20.0 2.0 0.0 0 0 0 0 0 0 0 0 0 0
 52.5 20.0 2.0 0.0 0 0 1 0 0 0 0 1 0 1
 52.5 20.0 2.0 0.0 0 0 1 1 0 0 0 0 0 0
 52.5 20.0 2.0 0.0 1 0 0 0 0 0 0 0 1 0
 52.5 20.0 2.0 0.0 1 0 1 1 0 0 0 0 0 0
 55.0 20.0 2.0 0.0 0 0 0 0 0 0 0 0 0 0
 55.0 20.0 2.0 0.0 0 0 1 0 0 0 0 1 0 1
 55.0 20.0 2.0 0.0 0 0 1 1 0 0 0 0 0 0
 55.0 20.0 2.0 0.0 1 0 0 0 0 0 0 0 1 0
 55.0 20.0 2.0 0.0 1 0 1 1 0 0 0 0 0 0
 57.5 20.0 2.0 0.0 0 0 0 0 0 0 0 0 0 0
 57.5 20.0 2.0 0.0 0 0 1 0 0 0 0 1 0 1
 57.5 20.0 2.0 0.0 0 0 1 1 0 0 0 0 0 0
 57.5 20.0 2.0 0.0 1 0 0 0 0 0 0 0 1 0
 57.5 20.0 2.0 0.0 1 0 1 1 0 0 0 0 0 0
 60.0 20.0 2.0 0.0 0 0 0 0 0 0 0 0 0 0
 60.0 20.0 2.0 0.0 0 0 1 0 0 0 0 1 0 1
 60.0 20.0 2.0 0.0 0 0 1 1 0 0 0 0 0 0
 60.0 20.0 2.0 0.0 1 0 0 0 0 0 0 0 1 0
 60.0 20.0 2.0 0.0 1 0 1 1 0 0 0 0 0 0
 62.5 20.0 2.0 0.0 0 0 0 0 0 0 0 0 0 0
 62.5 20.0 2.0 0.0 0 0 1 0 0 0 0 1 0 1
 62.5 20.0 2.0 0.0 0 0 1 1 0 0 0 0 0 0
 62.5 20.0 2.0 0.0 1 0 0 0 0 0 0 0 1 0
 62.5 20.0 2.0 0.0 1 0 1 1 0 0 0 0 0 0
 65.0 20.0 2.0 0.0 0 0 0 0 0 0 0 0 0 0
 65.0 20.0 2.0 0.0 0 0 1 0 0 0 0 1 0 1
 65.0 20.0 2.0 0.0 0 0 1 1 0 0 0 0 0 0
 65.0 20.0 2.0 0.0 1 0 0 0 0 0 0 0 1 0
 65.0 20.0 2.0 0.0 1 0 0 0 0 1 1 0 0 0
 65.0 20.0 2.0 0.0 1 0 1 1 0 0 0 0 0 0
 67.5 20.0 2.0 0.0 0 0 0 0 0 0 0 0 0 0
 67.5 20.0 2.0 0.0 0 0 1 0 0 0 0 1 0 1
 67.5 20.0 2.0 0.0 0 0 1 1 0 0 0 0 0 0
 67.5 20.0 2.0 0.0 1 0 0 0 0 0 0 0 1 0
 67.5 20.0 2.0 0.0 1 0 0 0 0 1 1 0 0 0
 67.5 20.0 2.0 0.0 1 0 1 1 0 0 0 0 0 0
 70.0 20.0 2.0 0.0 0 0 0 0 0 0 0 0 0 0
 70.0 20.0 2.0 0.0 0 0 1 0 0 0 0 1 0 1
 70.0 20.0 2.0 0.0 0 0 1 1 0 0 0 0 0 0
 70.0 20.0 2.0 0.0 1 0 0 0 0 0 0 0 1 0
 70.0 20.0 2.0 0.0 1 0 0 0 0 1 1 0 0 0
 70.0 20.0 2.0 0.0 1 0 1 1 0 0 0 0 0 0
 72.5 20.0 2.0 0.0 0 0 0 0 0 0 0 0 0 0
 72.5 20.0 2.0 0.0 0 0 1 0 0 0 0 1 0 1
 72.5 20.0 2.0 0.0 0 0 1 1 0 0 0 0 0 0
 72.5 20.0 2.0 0.0 1 0 0 0 0 0 0 0 1 0
 72.5 20.0 2.0 0.0 1 0 0 0 0 1 1 0 0 0
 72.5 20.0 2.0 0.0 1 0 1 1 0 0 0 0 0 0
 75.0 20.0 2.0 0.0 0 0 0 0 0 0 0 0 0 0
 75.0 20.0 2.0 0.0 0 0 1 0 0 0 0 1 0 1
 75.0 20.0 2.0 0.0 0 0 1 1 0 0 0 0 0 0
 75.0 20.0 2.0 0.0 1 0 0 0 0 0 0 0 1 0
 75.0 20.0 2.0 0.0 1 0 0 0 0 1 1 0 0 0
 75.0 20.0 2.0 0.0 1 0 1 1 0 0 0 0 0 0
 75.0 22.5 2.0 0.0 1 0 0 0 0 1 1 0 0 0
 75.0 22.5 2.0 0.0 1 0 1 1 0 0 0 0 0 0
 75.0 25.0 2.0 0.0 1 0 0 0 0 1 1 0 0 0
 75.0 25.0 2.0 0.0 1 0 1 1 0 0 0 0 0 0
 75.0 27.5 2.0 0.0 1 0 0 0 0 1 1 0 0 0
 75.0 27.5 2.0 0.0 1 0 1 1 0 0 0 0 0 0
 75.0 30.0 2.0 0.0 1 0 0 0 0 1 1 0 0 0
 75.0 30.0 2.0 0.0 1 0 1 1 0 0 0 0 0 0
 75.0 32.5 2.0 0.0 1 0 0 0 0 1 1 0 0 0
 75.0 32.5 2.0 0.0 1 0 1 1 0 0 0 0 0 0
 75.0 35.0 2.0 0.0 1 0 0 0 0 1 1 0 0 0
 75.0 35.0 2.0 0.0 1 0 1 1 0 0 0 0 0 0
 75.0 37.5 2.0 0.0 1 0 1 1 0 0 0 0 0 0
 75.0 40.0 2.0 0.0 1 0 1 1 0 0 0 0 0 0
 75.0 42.5 2.0 0.0 1 0 1 1 0 0 0 0 0 0
 75.0 45.0 2.0 0.0 1 0 1 1 0 0 0 0 0 0
 77.5 20.0 2.0 0.0 0 0 0 0 0 0 0 0 0 0
 77.5 20.0 2.0 0.0 0 0 1 0 0 0 0 1 0 1
 77.5 20.0 2.0 0.0 0 0 1 1 0 0 0 0 0 0
 77.5 20.0 2.0 0.0 1 0 0 0 0 0 0 0 1 0
 77.5 20.0 2.0 18.0 0 0 0 0 0 0 0 0 1 0
 77.5 20.0 2.0 18.0 0 1 0 0 0 0 0 0 0 0
 77.5 20.0 2.0 27.0 0 0 0 0 0 0 0 0 1 0
 77.5 20.0 2.0 27.0 0 1 0 0 0 0 0 0 0 0
 77.5 20.0 2.0 36.0 0 0 0 0 0 0 0 0 1 0
 77.5 20.0 2.0 36.0 0 1 0 0 0 0 0 0 0 0
 77.5 20.0 2.0 45.0 0 0 0 0 0 0 0 0 1 0
 77.5 20.0 2.0 45.0 0 1 0 0 0 0 0 0 0 0
 77.5 20.0 2.0 54.0 0 0 0 0 0 0 0 0 1 0
 77.5 20.0 2.0 63.0 0 0 0 0 0 0 0 0 1 0
 77.5 20.0 2.0 72.0 0 0 0 0 0 0 0 0 1 0
 77.5 20.0 2.0 9.0 0 0 0 0 0 0 0 0 1 0
 77.5 20.0 2.0 9.0 1 0 0 0 0 0 0 0 1 0
 77.5 35.0 2.0 0.0 1 0 0 0 0 1 1 0 0 0
 77.5 45.0 2.0 0.0 1 0 1 1 0 0 0 0 0 0
 77.8911 22.4692 2.0 81.0 0 0 0 0 0 0 0 0 1 0
 78.2822 24.9384 2.0 81.0 0 0 0 0 0 0 0 0 1 0
 78.6732 27.4077 2.0 81.0 0 0 0 0 0 0 0 0 1 0
 78.9695 22.0225 2.0 54.0 0 1 0 0 0 0 0 0 0 0
 79.0643 29.8769 2.0 81.0 0 0 0 0 0 0 0 0 1 0
 79.4554 32.3461 2.0 81.0 0 0 0 0 0 0 0 0 1 0
 79.8465 34.8153 2.0 81.0 0 0 0 0 0 0 0 0 1 0
 80.0 20.0 2.0 0.0 0 0 0 0 0 0 0 0 0 0
 80.0 20.0 2.0 0.0 0 0 1 0 0 0 0 1 0 1
 80.0 20.0 2.0 0.0 0 1 0 1 0 0 0 0 0 0
 80.0 20.0 2.0 18.0 0 0 1 0 0 0 0 1 0 1
 80.0 20.0 2.0 18.0 0 1 0 1 0 0 0 0 0 0
 80.0 20.0 2.0 27.0 0 0 1 0 0 0 0 1 0 1
 80.0 20.0 2.0 27.0 0 1 0 1 0 0 0 0 0 0
 80.0 20.0 2.0 36.0 0 0 1 0 0 0 0 1 0 1
 80.0 20.0 2.0 36.0 0 1 0 1 0 0 0 0 0 0
 80.0 20.0 2.0 45.0 0 0 1 0 0 0 0 1 0 1
 80.0 20.0 2.0 45.0 0 1 0 1 0 0 0 0 0 0
 80.0 20.0 2.0 54.0 0 0 1 0 0 0 0 1 0 1
 80.0 20.0 2.0 54.0 0 1 0 1 0 0 0 0 0 0
 80.0 20.0 2.0 63.0 0 0 1 0 0 0 0 1 0 1
 80.0 20.0 2.0 63.0 0 1 0 1 0 0 0 0 0 0
 80.0 20.0 2.0 72.0 0 1 0 1 0 0 0 0 0 0
 80.0 20.0 2.0 9.0 0 0 1 0 0 0 0 1 0 1
 80.0 20.0 2.0 9.0 0 1 0 1 0 0 0 0 0 0
 80.0 35.0 2.0 0.0 1 0 0 0 0 1 1 0 0 0
 80.0 45.0 2.0 0.0 1 0 1 1 0 1 0 0 0 0
 80.2376 37.2845 2.0 81.0 0 0 0 0 0 0 0 0 1 0
 80.3911 22.4692 2.0 81.0 0 1 0 1 0 0 0 0 0 0
 80.4389 24.0451 2.0 54.0 0 1 0 0 0 0 0 0 0 0
 80.6287 39.7538 2.0 81.0 0 0 0 0 0 0 0 0 1 0
 80.7725 22.3776 2.0 72.0 0 0 1 0 0 0 0 1 0 1
 80.7822 24.9384 2.0 81.0 0 1 0 1 0 0 0 0 0 0
 81.0197 42.223 2.0 54.0 0 0 0 0 0 0 0 0 1 0
 81.0197 42.223 2.0 63.0 0 0 0 0 0 0 0 0 1 0
 81.0197 42.223 2.0 72.0 0 0 0 0 0 0 0 0 1 0
 81.0197 42.223 2.0 81.0 0 0 0 0 0 0 0 0 1 0
 81.1732 27.4077 2.0 81.0 0 1 0 1 0 0 0 0 0 0
 81.5451 24.7553 2.0 72.0 0 0 1 0 0 0 0 1 0 1
 81.5643 29.8769 2.0 81.0 0 1 0 1 0 0 0 0 0 0
 81.9084 26.0676 2.0 54.0 0 1 0 0 0 0 0 0 0 0
 81.9554 32.3461 2.0 81.0 0 1 0 1 0 0 0 0 0 0
 82.3176 27.1329 2.0 72.0 0 0 1 0 0 0 0 1 0 1
 82.3465 34.8153 2.0 81.0 0 1 0 1 0 0 0 0 0 0
 82.5 35.0 2.0 0.0 1 0 0 0 0 1 1 0 0 0
 82.5 45.0 2.0 0.0 1 0 1 1 0 1 0 0 0 0
 82.7376 37.2845 2.0 81.0 0 1 0 1 0 0 0 0 0 0
 82.7875 43.9907 2.0 45.0 0 0 0 0 0 0 0 0 1 0
 83.0902 29.5106 2.0 72.0 0 0 1 0 0 0 0 1 0 1
 83.1287 39.7538 2.0 18.0 1 0 0 0 0 0 0 0 0 0
 83.1287 39.7538 2.0 27.0 1 0 0 0 0 0 0 0 0 0
 83.1287 39.7538 2.0 36.0 1 0 0 0 0 0 0 0 0 0
 83.1287 39.7538 2.0 45.0 1 0 0 0 0 0 0 0 0 0
 83.1287 39.7538 2.0 54.0 1 0 0 0 0 0 0 0 0 0
 83.1287 39.7538 2.0 63.0 1 0 0 0 0 0 0 0 0 0
 83.1287 39.7538 2.0 72.0 0 1 0 1 0 0 0 0 0 0
 83.1287 39.7538 2.0 81.0 0 1 0 1 0 0 0 0 0 0
 83.3778 28.0902 2.0 54.0 0 1 0 0 0 0 0 0 0 0
 83.8627 31.8882 2.0 72.0 0 0 1 0 0 0 0 1 0 1
 84.5553 42.223 2.0 45.0 0 0 0 0 0 0 0 0 1 0
 84.6353 34.2659 2.0 72.0 0 0 1 0 0 0 0 1 0 1
 84.8473 30.1127 2.0 54.0 0 1 0 0 0 0 0 0 0 0
 85.0 35.0 2.0 0.0 1 0 0 0 0 1 1 0 0 0
 85.0 45.0 2.0 0.0 1 0 1 1 0 1 0 0 0 0
 85.4078 36.6435 2.0 72.0 0 0 1 0 0 0 0 1 0 1
 85.5979 40.1448 2.0 9.0 1 0 0 0 0 0 0 0 0 0
 86.1804 39.0211 2.0 72.0 0 0 1 0 0 0 0 1 0 1
 86.3168 32.1353 2.0 54.0 0 1 0 0 0 0 0 0 0 0
 86.3231 43.9907 2.0 45.0 0 0 0 0 0 0 0 0 1 0
 86.9529 41.3988 2.0 45.0 0 0 1 0 0 0 0 1 0 1
 86.9529 41.3988 2.0 54.0 0 0 1 0 0 0 0 1 0 1
 86.9529 41.3988 2.0 63.0 0 0 1 0 0 0 0 1 0 1
 86.9529 41.3988 2.0 72.0 0 0 1 0 0 0 0 1 0 1
 87.5 35.0 2.0 0.0 1 0 0 0 0 1 1 0 0 0
 87.5 37.5 2.0 0.0 1 0 0 0 0 1 1 0 0 0
 87.5 45.0 2.0 0.0 1 0 1 1 0 1 0 0 0 0
 88.0671 40.5359 2.0 9.0 1 0 0 0 0 0 0 0 0 0
 88.0845 33.903 2.0 45.0 0 1 0 0 0 0 0 0 0 0
 88.0908 45.7585 2.0 45.0 0 0 0 0 0 0 0 0 1 0
 88.9754 42.8682 2.0 36.0 0 0 1 0 0 0 0 1 0 1
 89.8523 35.6708 2.0 45.0 0 1 0 0 0 0 0 0 0 0
 89.8586 43.9907 2.0 45.0 0 0 0 0 0 0 0 0 1 0
 90.0 37.5 2.0 0.0 1 0 0 0 0 1 1 0 0 0
 90.0 45.0 2.0 0.0 1 0 1 1 0 1 0 0 0 0
 90.5363 40.927 2.0 9.0 0 1 0 0 0 0 0 0 0 0
 90.998 44.3377 2.0 36.0 0 0 1 0 0 0 0 1 0 1
 91.6201 37.4386 2.0 45.0 0 0 1 0 0 0 0 0 0 0
 91.6264 45.7585 2.0 45.0 0 0 0 0 0 0 0 0 1 0
 92.5 37.5 2.0 0.0 1 0 0 0 0 1 1 0 0 0
 92.5 40.0 2.0 0.0 1 0 0 0 0 1 1 0 0 0
 92.5 42.5 2.0 0.0 1 0 0 0 0 1 1 0 0 0
 92.5 45.0 2.0 0.0 1 0 0 0 0 1 1 0 0 0
 92.5 45.0 2.0 0.0 1 0 1 1 0 1 0 0 0 0
 92.5 47.5 2.0 0.0 1 0 0 0 0 1 1 0 0 0
 92.5 50.0 2.0 0.0 1 0 0 0 0 1 0 0 0 0
 92.5 52.5 2.0 0.0 1 0 0 0 0 1 0 0 0 0
 92.5 55.0 2.0 0.0 1 0 0 0 0 1 0 0 0 0
 92.5 57.5 2.0 0.0 1 0 0 0 0 1 0 0 0 0
 92.5 60.0 2.0 0.0 1 0 0 0 0 1 0 0 0 0
 93.0056 41.3181 2.0 9.0 0 1 0 0 0 0 0 0 0 0
 93.0205 45.8072 2.0 36.0 0 0 1 0 0 0 0 0 0 0
 93.3878 39.2063 2.0 45.0 0 0 1 0 0 0 0 0 0 0
 93.3941 47.5263 2.0 45.0 0 0 0 0 0 0 0 0 1 0
 95.0 45.0 2.0 0.0 1 0 1 1 0 1 0 0 0 0
 95.0 60.0 2.0 0.0 1 0 0 0 0 1 0 0 0 0
 95.0431 47.2766 2.0 36.0 0 0 1 0 0 0 0 0 0 0
 95.1556 40.9741 2.0 45.0 0 0 1 0 0 0 0 0 0 0
 95.1556 44.5096 2.0 45.0 0 0 1 0 0 0 0 0 0 0
 95.1619 49.2941 2.0 45.0 1 0 1 1 0 0 0 0 1 0
 95.4748 41.7092 2.0 9.0 0 1 0 0 0 0 0 0 0 0
 96.9234 42.7419 2.0 45.0 0 0 1 0 0 0 0 0 0 0
 96.9234 46.2774 2.0 45.0 1 0 0 1 1 0 0 0 0 0
 96.9297 51.0618 2.0 45.0 1 0 1 1 0 0 0 0 1 0
 97.0656 48.7461 2.0 36.0 0 0 1 0 0 0 0 0 0 0
 97.5 100.0 2.0 0.0 1 0 0 0 0 1 0 0 0 0
 97.5 45.0 2.0 0.0 1 0 1 1 0 1 0 0 0 0
 97.5 60.0 2.0 0.0 1 0 0 0 0 1 0 0 0 0
 97.5 65.0 2.0 0.0 1 0 0 0 0 1 0 0 0 0
 97.5 67.5 2.0 0.0 1 0 0 0 0 1 0 0 0 0
 97.5 70.0 2.0 0.0 1 0 0 0 0 1 0 0 0 0
 97.5 72.5 2.0 0.0 1 0 0 0 0 1 0 0 0 0
 97.5 75.0 2.0 0.0 1 0 0 0 0 1 0 0 0 0
 97.5 77.5 2.0 0.0 1 0 0 0 0 1 0 0 0 0
 97.5 80.0 2.0 0.0 1 0 0 0 0 1 0 0 0 0
 97.5 82.5 2.0 0.0 1 0 0 0 0 1 0 0 0 0
 97.5 85.0 2.0 0.0 1 0 0 0 0 1 0 0 0 0
 97.5 87.5 2.0 0.0 1 0 0 0 0 1 0 0 0 0
 97.5 90.0 2.0 0.0 1 0 0 0 0 1 0 0 0 0
 97.5 92.5 2.0 0.0 1 0 0 0 0 1 0 0 0 0
 97.5 95.0 2.0 0.0 1 0 0 0 0 1 0 0 0 0
 97.5 97.5 2.0 0.0 1 0 0 0 0 1 0 0 0 0
 97.944 42.1003 2.0 9.0 0 1 0 0 0 0 0 0 0 0
 98.6911 48.0452 2.0 45.0 1 0 0 1 1 0 0 0 0 0
 98.6974 100.33 2.0 90.0 0 1 0 0 0 1 0 0 0 0
 98.6974 52.8296 2.0 45.0 1 0 1 1 0 0 0 0 1 0
 98.6974 52.8296 2.0 54.0 1 0 1 1 0 0 0 0 1 0
 98.6974 52.8296 2.0 63.0 1 0 1 1 0 0 0 0 1 0
 98.6974 52.8296 2.0 72.0 1 0 1 1 0 0 0 0 1 0
 98.6974 52.8296 2.0 81.0 1 0 1 1 0 0 0 0 1 0
 98.6974 55.3296 2.0 90.0 1 0 1 1 0 0 0 0 1 0
 98.6974 57.8296 2.0 90.0 0 0 0 0 0 0 0 0 0 0
 98.6974 60.3296 2.0 90.0 0 0 0 0 0 0 0 0 0 0
 98.6974 62.8296 2.0 90.0 0 0 0 0 0 0 0 0 0 0
 98.6974 65.3296 2.0 90.0 0 0 0 0 0 0 0 0 0 0
 98.6974 67.8296 2.0 90.0 0 0 0 0 0 0 0 0 0 0
 98.6974 70.3296 2.0 90.0 0 0 0 0 0 0 0 0 0 0
 98.6974 72.8296 2.0 90.0 0 0 0 0 0 0 0 0 0 0
 98.6974 75.3296 2.0 90.0 0 0 0 0 0 0 0 0 0 0
 98.6974 77.8296 2.0 90.0 0 0 0 0 0 0 0 0 0 0
 98.6974 80.3296 2.0 90.0 0 0 0 0 0 0 0 0 0 0
 98.6974 82.8296 2.0 90.0 0 1 0 0 0 1 0 0 0 0
 98.6974 85.3296 2.0 90.0 0 1 0 0 0 1 0 0 0 0
 98.6974 87.8296 2.0 90.0 0 1 0 0 0 1 0 0 0 0
 98.6974 90.3296 2.0 90.0 0 1 0 0 0 1 0 0 0 0
 98.6974 92.8296 2.0 90.0 0 1 0 0 0 1 0 0 0 0
 98.6974 95.3296 2.0 90.0 0 1 0 0 0 1 0 0 0 0
 98.6974 97.8296 2.0 90.0 0 1 0 0 0 1 0 0 0 0
 99.0882 50.2155 2.0 36.0 0 0 1 0 0 0 0 0 0 0
 99.0882 50.2155 2.0 45.0 0 0 1 0 0 0 0 0 0 0
 99.0882 50.2155 2.0 54.0 0 0 1 0 0 0 0 0 0 0
 99.0882 50.2155 2.0 63.0 0 0 1 0 0 0 0 0 0 0
 99.0882 50.2155 2.0 72.0 0 0 1 0 0 0 0 0 0 0
 99.4793 52.6848 2.0 81.0 0 0 1 0 0 0 0 0 0 0
 99.8703 55.154 2.0 81.0 0 0 1 0 0 0 0 0 0 0
 100.0 100.0 2.0 0.0 1 0 0 0 0 1 0 0 0 0
 100.0 45.0 2.0 0.0 1 0 1 1 0 1 0 0 0 0
 100.0 60.0 2.0 0.0 1 0 0 0 0 1 0 0 0 0
 100.0 62.5 2.0 0.0 1 0 0 0 0 1 0 0 0 0
 100.0 65.0 2.0 0.0 1 0 0 0 0 1 0 0 0 0
 100.261 57.6232 2.0 81.0 0 0 1 0 0 0 0 0 0 0
 100.413 42.4914 2.0 9.0 0 1 0 0 0 0 0 0 0 0
 100.459 49.8129 2.0 45.0 1 0 0 1 1 0 0 0 0 0
 100.653 60.0924 2.0 81.0 0 0 1 0 0 0 0 0 0 0
 101.044 62.5616 2.0 81.0 0 0 1 0 0 0 0 0 0 0
 101.197 100.33 2.0 90.0 0 1 0 0 0 1 0 0 0 0
 101.435 65.0309 2.0 81.0 0 0 1 0 0 0 0 0 0 0
 101.826 67.5001 2.0 81.0 0 0 1 0 0 0 0 0 0 0
 102.185 73.8844 2.0 81.0 0 0 0 0 0 0 0 1 0 0
 102.217 69.9693 2.0 81.0 0 0 1 0 0 0 0 0 0 0
 102.227 51.5807 2.0 45.0 1 0 0 1 1 0 0 0 0 0
 102.5 100.0 2.0 0.0 1 0 0 0 0 1 0 0 0 0
 102.5 45.0 2.0 0.0 1 0 1 1 0 1 0 0 0 0
 102.576 76.3536 2.0 81.0 0 0 0 0 0 0 0 1 0 0
 102.608 72.4385 2.0 81.0 0 0 1 0 0 0 0 0 0 0
 102.698 61.1472 2.0 81.0 0 0 1 1 0 0 0 0 0 0
 102.882 42.8825 2.0 9.0 0 1 0 0 0 0 0 0 0 0
 102.967 78.8229 2.0 81.0 0 0 0 0 0 0 0 1 0 0
 102.999 74.9078 2.0 81.0 0 0 1 0 0 0 0 0 0 0
 103.09 63.6164 2.0 81.0 0 0 1 1 0 0 0 0 0 0
 103.358 81.2921 2.0 81.0 0 0 0 0 0 0 0 1 0 0
 103.39 77.377 2.0 81.0 0 0 1 0 0 0 0 0 0 0
 103.481 66.0857 2.0 81.0 0 0 1 1 0 0 0 0 0 0
 103.697 100.33 2.0 90.0 0 1 0 0 0 1 0 0 0 0
 103.749 83.7613 2.0 81.0 0 0 0 0 0 0 0 1 0 0
 103.781 79.8462 2.0 81.0 0 0 1 0 0 0 0 0 0 0
 103.872 68.5549 2.0 81.0 0 0 1 1 0 0 0 0 0 0
 103.994 53.3485 2.0 45.0 1 0 0 1 1 0 0 0 0 0
 103.994 53.3485 2.0 54.0 1 0 0 1 1 0 0 0 0 0
 103.994 53.3485 2.0 63.0 1 0 0 1 1 0 0 0 0 0
 103.994 53.3485 2.0 72.0 1 0 0 1 1 0 0 0 0 0
 104.14 86.2305 2.0 81.0 0 0 0 0 0 0 0 1 0 0
 104.172 82.3154 2.0 81.0 0 0 1 0 0 0 0 0 0 0
 104.263 71.0241 2.0 81.0 0 0 1 1 0 0 0 0 0 0
 104.386 55.8177 2.0 81.0 0 0 1 1 0 0 0 0 0 0
 104.531 88.6998 2.0 81.0 0 1 1 0 0 0 0 0 1 0
 104.563 84.7847 2.0 81.0 0 0 1 0 0 0 0 0 0 0
 104.654 73.4933 2.0 81.0 0 0 0 0 0 0 0 1 0 0
 104.777 58.2869 2.0 81.0 0 0 1 1 0 0 0 0 0 0
 104.922 91.169 2.0 81.0 0 1 1 0 0 0 0 0 1 0
 104.954 87.2539 2.0 81.0 1 0 0 0 1 0 0 0 0 0
 105.0 100.0 2.0 0.0 1 0 0 0 0 1 0 0 0 0
 105.0 100.0 2.0 0.0 1 0 1 1 0 1 0 0 0 0
 105.0 102.5 2.0 0.0 1 0 1 1 0 1 0 0 0 0
 105.0 105.0 2.0 0.0 1 0 1 1 0 1 0 0 0 0
 105.0 45.0 2.0 0.0 1 0 1 1 0 1 0 0 0 0
 105.0 47.5 2.0 0.0 1 0 1 1 0 1 0 0 0 0
 105.0 50.0 2.0 0.0 1 0 1 1 0 1 0 0 0 0
 105.0 52.5 2.0 0.0 1 0 1 1 0 1 0 0 0 0
 105.0 55.0 2.0 0.0 1 0 1 1 0 1 0 0 0 0
 105.0 57.5 2.0 0.0 1 0 1 1 0 1 0 0 0 0
 105.0 60.0 2.0 0.0 1 0 1 1 0 1 0 0 0 0
 105.0 62.5 2.0 0.0 1 0 1 1 0 1 0 0 0 0
 105.0 65.0 2.0 0.0 1 0 1 1 0 1 0 0 0 0
 105.0 67.5 2.0 0.0 1 0 1 1 0 1 0 0 0 0
 105.0 70.0 2.0 0.0 1 0 1 1 0 1 0 0 0 0
 105.0 72.5 2.0 0.0 1 0 1 1 0 1 0 0 0 0
 105.0 75.0 2.0 0.0 1 0 1 1 0 1 0 0 0 0
 105.0 77.5 2.0 0.0 1 0 1 1 0 1 0 0 0 0
 105.0 80.0 2.0 0.0 1 0 1 1 0 1 0 0 0 0
 105.0 82.5 2.0 0.0 1 0 1 1 0 1 0 0 0 0
 105.0 85.0 2.0 0.0 1 0 1 1 0 1 0 0 0 0
 105.0 87.5 2.0 0.0 1 0 1 1 0 1 0 0 0 0
 105.0 90.0 2.0 0.0 1 0 1 1 0 1 0 0 0 0
 105.0 92.5 2.0 0.0 1 0 1 1 0 1 0 0 0 0
 105.0 95.0 2.0 0.0 1 0 1 1 0 1 0 0 0 0
 105.0 97.5 2.0 0.0 1 0 1 1 0 1 0 0 0 0
 105.168 60.7561 2.0 81.0 0 0 1 1 0 0 0 0 0 0
 105.313 93.6382 2.0 81.0 0 1 1 0 0 0 0 0 1 0
 105.345 89.7231 2.0 81.0 1 0 0 0 1 0 0 0 0 0
 105.352 100.774 2.0 90.0 0 0 0 0 0 0 0 1 0 1
 105.352 103.274 2.0 90.0 0 0 0 0 0 0 0 1 0 1
 105.352 105.774 2.0 18.0 0 0 0 0 0 0 0 1 0 1
 105.352 105.774 2.0 27.0 0 0 0 0 0 0 0 1 0 1
 105.352 105.774 2.0 36.0 0 0 0 0 0 0 0 1 0 1
 105.352 105.774 2.0 45.0 0 0 0 0 0 0 0 1 0 1
 105.352 105.774 2.0 54.0 0 0 0 0 0 0 0 1 0 1
 105.352 105.774 2.0 63.0 0 0 0 0 0 0 0 1 0 1
 105.352 105.774 2.0 72.0 0 0 0 0 0 0 0 1 0 1
 105.352 105.774 2.0 81.0 0 0 0 0 0 0 0 1 0 1
 105.352 105.774 2.0 9.0 0 0 0 0 0 0 0 1 0 1
 105.352 105.774 2.0 90.0 0 0 0 0 0 0 0 1 0 1
 105.352 43.2735 2.0 18.0 0 1 0 0 0 0 0 0 0 0
 105.352 43.2735 2.0 27.0 0 1 0 0 0 0 0 0 0 0
 105.352 43.2735 2.0 36.0 0 1 0 0 0 0 0 0 0 0
 105.352 43.2735 2.0 45.0 0 1 0 0 0 0 0 0 0 0
 105.352 43.2735 2.0 54.0 0 1 0 0 0 0 0 0 0 0
 105.352 43.2735 2.0 63.0 0 1 0 0 0 0 0 0 0 0
 105.352 43.2735 2.0 72.0 0 1 0 0 0 0 0 0 0 0
 105.352 43.2735 2.0 81.0 0 1 0 0 0 0 0 0 0 0
 105.352 43.2735 2.0 9.0 0 1 0 0 0 0 0 0 0 0
 105.352 45.7735 2.0 90.0 0 1 0 0 0 0 0 0 0 0
 105.352 48.2735 2.0 90.0 0 1 0 0 0 0 0 0 0 0
 105.352 50.7735 2.0 90.0 1 0 0 0 0 0 0 0 0 0
 105.352 53.2735 2.0 90.0 1 0 0 0 0 0 0 0 0 0
 105.352 55.7735 2.0 90.0 1 0 0 0 0 0 0 0 0 0
 105.352 58.2735 2.0 90.0 1 0 0 0 0 0 0 0 0 0
 105.352 60.7735 2.0 90.0 1 0 0 0 0 0 0 0 0 0
 105.352 63.2735 2.0 90.0 1 0 0 0 0 0 0 0 0 0
 105.352 65.7735 2.0 90.0 1 0 0 0 0 0 0 0 0 0
 105.352 68.2735 2.0 90.0 0 0 0 1 0 0 0 0 0 0
 105.352 70.7735 2.0 90.0 0 0 0 1 0 0 0 0 0 0
 105.352 73.2735 2.0 90.0 0 0 0 1 0 0 0 0 0 0
 105.352 75.7735 2.0 90.0 0 0 0 1 0 0 0 0 0 0
 105.352 78.2735 2.0 90.0 0 0 0 1 0 0 0 0 0 0
 105.352 80.7735 2.0 90.0 0 0 0 1 0 0 0 0 0 0
 105.352 83.2735 2.0 90.0 0 0 0 1 0 0 0 0 0 0
 105.352 85.7735 2.0 90.0 0 0 0 1 0 0 0 0 0 0
 105.352 88.2735 2.0 90.0 0 0 0 1 0 0 0 0 0 0
 105.352 90.7735 2.0 90.0 0 0 0 1 0 0 0 0 0 0
 105.352 93.2735 2.0 90.0 0 0 0 1 0 0 0 0 0 0
 105.352 95.7735 2.0 90.0 0 0 0 1 0 0 0 0 0 0
 105.352 98.2735 2.0 90.0 0 0 0 0 0 0 0 1 0 1
 105.704 96.1074 2.0 81.0 0 1 1 0 0 0 0 0 1 0
 105.737 92.1923 2.0 81.0 1 0 0 0 1 0 0 0 0 0
 106.095 98.5767 2.0 54.0 0 1 1 0 0 0 0 0 1 0
 106.095 98.5767 2.0 63.0 0 1 1 0 0 0 0 0 1 0
 106.095 98.5767 2.0 72.0 0 1 1 0 0 0 0 0 1 0
 106.095 98.5767 2.0 81.0 0 1 1 0 0 0 0 0 1 0
 106.128 94.6615 2.0 81.0 1 0 0 0 1 0 0 0 0 0
 106.197 100.33 2.0 90.0 0 1 0 0 0 1 0 0 0 0
 106.519 97.1308 2.0 81.0 1 0 0 0 1 0 0 0 0 0
 106.91 99.6 2.0 72.0 1 0 0 0 1 0 0 0 0 0
 106.91 99.6 2.0 81.0 1 0 0 0 1 0 0 0 0 0
 107.5 100.0 2.0 0.0 0 0 0 0 0 0 1 0 0 0
 107.5 105.0 2.0 0.0 1 0 1 1 0 1 0 0 0 0
 107.852 105.774 2.0 0.0 0 0 0 0 0 0 0 1 0 1
 107.863 100.344 2.0 45.0 0 1 1 0 0 0 0 0 1 0
 108.045 101.828 2.0 63.0 1 0 0 0 1 0 0 0 0 0
 108.697 100.33 2.0 90.0 0 1 0 0 0 1 0 0 0 0
 108.697 102.83 2.0 90.0 0 1 0 0 0 1 0 0 0 0
 109.18 104.055 2.0 63.0 1 0 0 0 1 0 0 0 0 0
 109.631 102.112 2.0 45.0 0 1 1 0 0 0 0 0 1 0
 110.0 100.0 2.0 0.0 0 0 0 0 0 0 1 0 0 0
 110.0 105.0 2.0 0.0 1 0 1 1 0 1 0 0 0 0
 110.315 106.283 2.0 63.0 1 0 0 0 1 0 0 0 0 0
 110.321 106.165 2.0 0.0 0 1 0 0 0 0 0 0 0 0
 110.321 106.165 2.0 18.0 0 1 0 1 0 0 0 0 0 0
 110.321 106.165 2.0 27.0 0 1 0 1 0 0 0 0 0 0
 110.321 106.165 2.0 9.0 0 1 0 0 0 0 0 0 0 0
 110.321 106.165 2.0 9.0 0 1 0 1 0 0 0 0 0 0
 111.197 102.83 2.0 90.0 0 1 0 0 0 1 0 0 0 0
 111.399 103.88 2.0 45.0 0 1 1 0 0 0 0 0 1 0
 111.45 108.51 2.0 63.0 1 0 0 0 1 0 0 0 0 0
 112.343 107.634 2.0 36.0 0 1 0 1 0 0 0 0 0 0
 112.5 100.0 2.0 0.0 0 0 0 0 0 0 1 0 0 0
 112.5 105.0 2.0 0.0 1 0 1 0 0 1 0 0 0 0
 112.585 110.738 2.0 63.0 1 0 0 0 1 0 0 0 0 0
 113.167 105.648 2.0 45.0 0 1 1 0 0 0 0 0 1 0
 113.697 102.83 2.0 90.0 0 1 0 0 0 1 0 0 0 0
 113.72 112.965 2.0 63.0 1 0 0 0 1 0 0 0 0 0
 114.366 109.104 2.0 36.0 0 1 0 1 0 0 0 0 0 0
 114.855 115.193 2.0 63.0 1 0 0 0 1 0 0 0 0 0
 114.934 107.415 2.0 45.0 0 0 1 1 0 0 0 0 0 0
 115.0 100.0 2.0 0.0 0 0 0 0 0 0 1 0 0 0
 115.0 105.0 2.0 0.0 1 0 1 0 0 1 0 0 0 0
 115.0 107.5 2.0 0.0 1 0 1 0 0 1 0 0 0 0
 115.0 110.0 2.0 0.0 1 0 1 0 0 1 0 0 0 0
 115.0 112.5 2.0 0.0 1 0 1 0 0 1 0 0 0 0
 115.0 115.0 2.0 0.0 1 0 1 0 0 1 0 0 0 0
 115.0 117.5 2.0 0.0 1 0 1 0 0 1 0 0 0 0
 115.0 120.0 2.0 0.0 1 0 1 0 0 1 0 0 0 0
 115.0 122.5 2.0 0.0 1 0 1 0 0 1 0 0 0 0
 115.0 125.0 2.0 0.0 1 0 1 0 0 1 0 0 0 0
 115.99 117.42 2.0 63.0 1 0 0 0 1 0 0 0 0 0
 116.197 102.83 2.0 90.0 0 1 0 0 0 1 0 0 0 0
 116.389 110.573 2.0 36.0 0 1 0 1 0 0 0 0 0 0
 116.702 109.183 2.0 45.0 0 0 1 1 0 0 0 0 0 0
 117.125 119.648 2.0 63.0 1 0 0 0 1 0 0 0 0 0
 117.5 100.0 2.0 0.0 0 0 0 0 0 0 1 0 0 0
 117.5 102.5 2.0 0.0 0 0 0 0 0 0 1 0 0 0
 117.5 105.0 2.0 0.0 0 0 0 0 0 0 1 0 0 0
 117.5 107.5 2.0 0.0 0 0 0 0 0 0 1 0 0 0
 117.5 110.0 2.0 0.0 1 0 0 0 0 0 0 0 0 0
 117.5 112.5 2.0 0.0 1 0 0 0 0 0 0 0 0 0
 117.5 115.0 2.0 0.0 1 0 0 0 0 0 0 0 0 0
 117.5 117.5 2.0 0.0 1 0 0 0 0 0 0 0 0 0
 117.5 125.0 2.0 0.0 1 0 1 0 0 1 0 0 0 0
 118.26 121.875 2.0 63.0 1 0 0 0 1 0 0 0 0 0
 118.411 112.042 2.0 36.0 0 1 0 1 0 0 0 0 0 0
 118.47 110.951 2.0 45.0 0 0 1 1 0 0 0 0 0 0
 118.697 102.83 2.0 90.0 0 1 0 0 0 1 0 0 0 0
 118.697 105.33 2.0 90.0 0 1 0 0 0 1 0 0 0 0
 118.697 107.83 2.0 90.0 0 1 0 0 0 1 0 0 0 0
 118.697 110.33 2.0 90.0 0 1 0 0 0 1 0 0 0 0
 118.697 112.83 2.0 90.0 0 1 0 0 0 1 0 0 0 0
 118.697 115.33 2.0 90.0 0 1 0 0 0 1 0 0 0 0
 119.395 124.103 2.0 63.0 1 0 0 0 1 0 0 0 0 0
 120.0 117.5 2.0 0.0 1 0 0 0 0 0 0 0 0 0
 120.0 125.0 2.0 0.0 1 0 1 0 0 1 0 0 0 0
 120.238 112.719 2.0 45.0 0 0 1 1 0 0 0 0 0 0
 120.434 113.512 2.0 36.0 0 1 0 1 0 0 0 0 0 0
 120.53 126.33 2.0 18.0 1 0 0 0 1 0 0 0 0 0
 120.53 126.33 2.0 27.0 1 0 0 0 1 0 0 0 0 0
 120.53 126.33 2.0 36.0 1 0 0 0 1 0 0 0 0 0
 120.53 126.33 2.0 45.0 1 0 0 0 1 0 0 0 0 0
 120.53 126.33 2.0 54.0 1 0 0 0 1 0 0 0 0 0
 120.53 126.33 2.0 63.0 1 0 0 0 1 0 0 0 0 0
 121.197 115.33 2.0 90.0 0 1 0 0 0 1 0 0 0 0
 121.197 117.83 2.0 90.0 0 1 0 0 0 1 0 0 0 0
 122.005 114.487 2.0 45.0 0 0 1 1 0 0 0 0 0 0
 122.456 114.981 2.0 36.0 0 1 0 1 0 0 0 0 0 0
 122.5 117.5 2.0 0.0 1 0 0 0 0 0 0 0 0 0
 122.5 125.0 2.0 0.0 1 0 1 0 0 1 0 0 0 0
 122.999 126.721 2.0 9.0 1 0 0 0 1 0 0 0 0 0
 123.697 117.83 2.0 90.0 0 1 0 0 0 1 0 0 0 0
 123.773 116.254 2.0 45.0 0 1 0 0 0 0 0 0 1 0
 124.479 116.451 2.0 108.0 0 0 1 0 0 0 0 0 0 0
 124.479 116.451 2.0 108.0 1 0 0 0 0 0 0 0 0 0
 124.479 116.451 2.0 117.0 0 0 0 0 0 0 0 0 0 0
 124.479 116.451 2.0 117.0 1 0 0 0 0 0 0 0 0 0
 124.479 116.451 2.0 126.0 1 0 0 0 0 0 0 0 0 0
 124.479 116.451 2.0 36.0 0 1 0 1 0 0 0 0 0 0
 124.479 116.451 2.0 45.0 0 0 1 0 0 0 0 0 0 0
 124.479 116.451 2.0 45.0 0 1 0 1 0 0 0 0 0 0
 124.479 116.451 2.0 54.0 0 0 1 0 0 0 0 0 0 0
 124.479 116.451 2.0 54.0 1 0 0 0 0 0 0 0 0 0
 124.479 116.451 2.0 63.0 0 0 1 0 0 0 0 0 0 0
 124.479 116.451 2.0 63.0 1 0 0 0 0 0 0 0 0 0
 124.479 116.451 2.0 72.0 0 0 1 0 0 0 0 0 0 0
 124.479 116.451 2.0 72.0 1 0 0 0 0 0 0 0 0 0
 124.479 116.451 2.0 81.0 0 0 1 0 0 0 0 0 0 0
 124.479 116.451 2.0 81.0 1 0 0 0 0 0 0 0 0 0
 124.479 116.451 2.0 90.0 0 0 1 0 0 0 0 0 0 0
 124.479 116.451 2.0 90.0 1 0 0 0 0 0 0 0 0 0
 124.479 116.451 2.0 99.0 0 0 1 0 0 0 0 0 0 0
 124.479 116.451 2.0 99.0 1 0 0 0 0 0 0 0 0 0
 125.0 117.5 2.0 0.0 1 0 0 0 0 0 0 0 0 0
 125.0 125.0 2.0 0.0 1 0 1 0 0 1 0 0 0 0
 125.468 127.112 2.0 9.0 1 0 0 0 1 0 0 0 0 0
 125.541 114.487 2.0 45.0 0 1 0 0 0 0 0 0 1 0
 126.197 117.83 2.0 90.0 0 1 0 0 0 1 0 0 0 0
 126.501 117.92 2.0 36.0 0 0 1 0 0 0 0 0 0 0
 127.309 112.719 2.0 45.0 0 1 0 0 0 0 0 0 1 0
 127.5 117.5 2.0 0.0 1 0 0 0 0 0 0 0 0 0
 127.5 125.0 2.0 0.0 1 0 1 0 0 1 0 0 0 0
 127.968 127.112 2.0 0.0 0 0 0 0 0 0 0 0 0 0
 128.697 117.83 2.0 90.0 0 1 0 0 0 1 0 0 0 0
 128.729 119.055 2.0 27.0 0 0 1 0 0 0 0 0 0 0
 129.076 114.487 2.0 45.0 0 1 0 0 0 0 0 0 1 0
 130.0 117.5 2.0 0.0 0 0 0 0 0 0 1 0 0 0
 130.0 125.0 2.0 0.0 1 0 1 0 0 1 0 0 0 0
 130.468 127.112 2.0 0.0 0 0 0 0 0 0 0 0 0 0
 130.844 116.254 2.0 45.0 0 1 0 0 0 0 0 0 1 0
 130.956 120.19 2.0 27.0 0 0 0 0 0 0 0 1 0 0
 131.197 117.83 2.0 90.0 0 1 0 0 0 1 0 0 0 0
 132.5 117.5 2.0 0.0 0 0 0 0 0 0 1 0 0 0
 132.5 125.0 2.0 0.0 1 0 1 0 0 1 0 0 0 0
 132.612 118.022 2.0 45.0 0 1 0 0 0 0 0 0 1 0
 132.968 127.112 2.0 0.0 0 0 0 0 0 0 0 0 0 0
 133.184 121.325 2.0 27.0 0 0 0 0 0 0 0 1 0 0
 133.697 117.83 2.0 90.0 0 1 0 0 0 1 0 0 0 0
 134.38 119.79 2.0 45.0 0 1 0 0 0 0 0 0 1 0
 135.0 117.5 2.0 0.0 0 0 0 0 0 0 1 0 0 0
 135.0 125.0 2.0 0.0 1 0 1 0 0 1 0 0 0 0
 135.411 122.46 2.0 27.0 0 0 0 0 0 0 0 1 0 0
 135.468 127.112 2.0 0.0 0 0 0 0 0 0 0 0 0 0
 136.148 121.558 2.0 45.0 0 1 0 0 0 0 0 0 1 0
 136.197 117.83 2.0 90.0 0 1 0 0 0 1 0 0 0 0
 137.5 117.5 2.0 0.0 0 0 0 0 0 0 1 0 0 0
 137.5 125.0 2.0 0.0 1 0 1 0 0 1 0 0 0 0
 137.639 123.595 2.0 27.0 0 0 0 0 0 0 0 1 0 0
 137.915 119.79 2.0 45.0 0 0 1 0 0 0 0 0 0 0
 137.968 127.112 2.0 0.0 0 0 0 0 0 0 0 0 0 0
 138.697 117.83 2.0 90.0 0 1 0 0 0 1 0 0 0 0
 139.683 121.558 2.0 45.0 0 0 1 0 0 0 0 0 0 0
 139.866 124.73 2.0 27.0 0 0 0 0 0 0 0 1 0 0
 140.0 117.5 2.0 0.0 0 0 0 0 0 0 1 0 0 0
 140.0 125.0 2.0 0.0 1 0 1 0 0 1 0 0 0 0
 140.468 127.112 2.0 0.0 0 0 0 0 0 0 0 0 0 0
 141.197 117.83 2.0 90.0 0 1 0 0 0 1 0 0 0 0
 141.451 123.325 2.0 45.0 0 0 1 0 0 0 0 0 0 0
 142.244 125.503 2.0 18.0 0 0 0 0 0 0 0 1 0 0
 142.5 117.5 2.0 0.0 0 0 0 0 0 0 1 0 0 0
 142.5 125.0 2.0 0.0 1 0 1 0 0 1 0 0 0 0
 142.968 127.112 2.0 0.0 0 0 0 0 0 0 0 0 0 0
 143.219 121.558 2.0 45.0 0 0 1 0 0 0 0 0 0 0
 143.697 117.83 2.0 90.0 0 1 0 0 0 1 0 0 0 0
 144.622 126.275 2.0 18.0 0 0 0 0 0 0 0 1 0 0
 144.986 119.79 2.0 45.0 0 0 1 0 0 0 0 0 0 0
 145.0 117.5 2.0 0.0 0 0 0 0 0 0 1 0 0 0
 145.0 125.0 2.0 0.0 1 0 1 0 0 1 0 0 0 0
 145.468 127.112 2.0 0.0 0 0 0 0 0 0 0 0 0 0
 146.197 117.83 2.0 90.0 0 1 0 0 0 1 0 0 0 0
 146.197 120.33 2.0 90.0 0 1 0 0 0 1 0 0 0 0
 146.754 118.022 2.0 45.0 0 0 1 0 0 0 0 0 0 0
 146.999 127.048 2.0 18.0 0 0 0 0 0 0 0 1 0 0
 147.5 117.5 2.0 0.0 0 0 0 0 0 0 1 0 0 0
 147.5 125.0 2.0 0.0 1 0 1 0 0 1 0 0 0 0
 147.968 127.112 2.0 0.0 0 0 0 0 0 0 0 0 0 0
 148.522 119.79 2.0 45.0 1 0 1 1 0 0 0 0 1 0
 148.697 120.33 2.0 90.0 0 1 0 0 0 1 0 0 0 0
 148.697 122.83 2.0 90.0 0 1 0 0 0 1 0 0 0 0
 149.469 127.439 2.0 0.0 1 0 0 0 0 0 0 0 0 0
 149.469 127.439 2.0 18.0 1 0 0 0 0 0 0 0 0 0
 149.469 127.439 2.0 333.0 1 0 0 0 0 0 0 0 0 0
 149.469 127.439 2.0 342.0 1 0 0 0 0 0 0 0 0 0
 149.469 127.439 2.0 351.0 1 0 0 0 0 0 0 0 0 0
 149.469 127.439 2.0 9.0 0 0 0 0 0 0 0 1 0 0
 149.469 127.439 2.0 9.0 1 0 0 0 0 0 0 0 0 0
 150.0 117.5 2.0 0.0 0 0 0 0 0 0 1 0 0 0
 150.0 125.0 2.0 0.0 1 0 1 0 0 1 0 0 0 0
 150.29 121.558 2.0 45.0 1 0 1 1 0 0 0 0 1 0
 150.468 127.112 2.0 0.0 0 0 0 0 0 0 0 0 0 0
 151.197 122.83 2.0 90.0 0 1 0 0 0 1 0 0 0 0
 151.491 125.969 2.0 324.0 1 0 0 0 0 0 0 0 0 0
 152.057 123.325 2.0 45.0 1 0 1 1 0 0 0 0 1 0
 152.5 117.5 2.0 0.0 0 0 0 0 0 0 1 0 0 0
 152.5 120.0 2.0 0.0 0 0 0 0 0 0 1 0 0 0
 152.5 122.5 2.0 0.0 0 0 0 0 0 0 1 0 0 0
 152.5 125.0 2.0 0.0 1 0 0 0 0 1 0 0 0 0
 152.5 125.0 2.0 0.0 1 0 1 0 0 1 0 0 0 0
 152.5 127.5 2.0 0.0 1 0 0 0 0 1 0 0 0 0
 152.5 130.0 2.0 0.0 1 0 0 0 0 1 0 0 0 0
 152.5 132.5 2.0 0.0 1 0 0 0 0 1 0 0 0 0
 152.5 135.0 2.0 0.0 1 0 0 0 0 1 0 0 0 0
 152.5 137.5 2.0 0.0 1 0 0 0 0 1 0 0 0 0
 152.5 140.0 2.0 0.0 1 0 0 0 0 1 0 0 0 0
 152.5 142.5 2.0 0.0 1 0 0 0 0 1 0 0 0 0
 152.5 145.0 2.0 0.0 1 0 0 0 0 1 0 0 0 0
 152.5 147.5 2.0 0.0 1 0 0 0 0 1 0 0 0 0
 152.5 150.0 2.0 0.0 1 0 0 0 0 1 0 0 0 0
 152.968 127.112 2.0 0.0 0 0 0 0 0 0 0 0 0 0
 153.514 124.5 2.0 324.0 1 0 0 0 0 0 0 0 0 0
 153.697 122.83 2.0 90.0 0 1 0 0 0 1 0 0 0 0
 153.697 125.33 2.0 90.0 0 1 0 0 0 1 0 0 0 0
 153.697 127.83 2.0 90.0 0 1 0 0 0 1 0 0 0 0
 153.697 130.33 2.0 90.0 0 1 0 0 0 1 0 0 0 0
 153.697 132.83 2.0 90.0 0 1 0 0 0 1 0 0 0 0
 153.697 135.33 2.0 90.0 0 1 0 0 0 1 0 0 0 0
 153.697 137.83 2.0 90.0 0 1 0 0 0 1 0 0 0 0
 153.697 140.33 2.0 90.0 0 1 0 0 0 1 0 0 0 0
 153.697 142.83 2.0 90.0 0 1 0 0 0 1 0 0 0 0
 153.697 145.33 2.0 90.0 0 1 0 0 0 1 0 0 0 0
 153.697 147.83 2.0 90.0 0 1 0 0 0 1 0 0 0 0
 153.697 150.33 2.0 90.0 0 1 0 0 0 1 0 0 0 0
 153.825 125.093 2.0 45.0 1 0 1 1 0 0 0 0 1 0
 153.825 125.093 2.0 54.0 1 0 1 1 0 0 0 0 1 0
 154.96 127.321 2.0 63.0 1 0 1 1 0 0 0 0 1 0
 155.0 125.0 2.0 0.0 1 0 1 0 0 1 0 0 0 0
 155.468 127.112 2.0 0.0 0 0 0 0 0 0 0 0 0 0
 155.536 123.031 2.0 324.0 1 0 0 0 0 0 0 0 0 0
 156.095 129.548 2.0 63.0 1 0 1 1 0 0 0 0 1 0
 157.23 131.776 2.0 63.0 1 0 1 1 0 0 0 0 1 0
 157.23 131.776 2.0 72.0 1 0 1 1 0 0 0 0 1 0
 157.5 125.0 2.0 0.0 1 0 1 0 0 1 0 0 0 0
 157.559 121.561 2.0 18.0 1 0 0 0 0 0 0 0 0 0
 157.559 121.561 2.0 27.0 1 0 0 0 0 0 0 0 0 0
 157.559 121.561 2.0 324.0 1 0 0 0 0 0 0 0 0 0
 157.559 121.561 2.0 333.0 1 0 0 0 0 0 0 0 0 0
 157.559 121.561 2.0 342.0 1 0 0 0 0 0 0 0 0 0
 157.559 121.561 2.0 351.0 1 0 0 0 0 0 0 0 0 0
 157.559 121.561 2.0 36.0 1 0 0 0 0 0 0 0 0 0
 157.559 121.561 2.0 360.0 1 0 0 0 0 0 0 0 0 0
 157.559 121.561 2.0 45.0 1 0 0 0 0 0 0 0 0 0
 157.559 121.561 2.0 54.0 1 0 0 0 0 0 0 0 0 0
 157.559 121.561 2.0 63.0 1 0 0 0 0 0 0 0 0 0
 157.559 121.561 2.0 72.0 1 0 0 0 0 0 0 0 0 0
 157.559 121.561 2.0 9.0 1 0 0 0 0 0 0 0 0 0
 157.621 134.245 2.0 81.0 1 0 1 1 0 0 0 0 1 0
 157.95 124.03 2.0 81.0 1 0 0 0 0 0 0 0 0 0
 157.968 127.112 2.0 0.0 0 0 0 0 0 0 0 0 0 0
 157.968 127.112 2.0 18.0 0 0 0 0 0 0 0 0 0 0
 157.968 127.112 2.0 27.0 0 0 0 0 0 0 0 0 0 0
 157.968 127.112 2.0 36.0 0 0 0 0 0 0 0 0 0 0
 157.968 127.112 2.0 45.0 0 0 0 0 0 0 0 0 0 0
 157.968 127.112 2.0 54.0 0 0 0 0 0 0 0 0 0 0
 157.968 127.112 2.0 63.0 0 0 0 0 0 0 0 0 0 0
 157.968 127.112 2.0 72.0 0 0 0 0 0 0 0 0 0 0
 157.968 127.112 2.0 9.0 0 0 0 0 0 0 0 0 0 0
 158.012 136.714 2.0 81.0 1 0 1 1 0 0 0 0 1 0
 158.341 126.5 2.0 81.0 1 0 0 0 0 0 0 0 0 0
 158.359 129.582 2.0 81.0 0 0 0 0 0 0 0 0 0 0
 158.359 132.082 2.0 90.0 0 0 0 0 0 0 0 0 0 0
 158.359 134.582 2.0 90.0 0 0 0 0 0 0 0 0 0 0
 158.359 137.082 2.0 90.0 0 0 0 0 0 0 0 0 0 0
 158.359 139.582 2.0 90.0 0 0 0 0 0 0 0 0 0 0
 158.359 142.082 2.0 90.0 0 0 0 0 0 0 0 0 0 0
 158.359 144.582 2.0 90.0 0 0 0 0 0 0 0 0 0 0
 158.359 147.082 2.0 90.0 0 0 0 0 0 0 0 0 0 0
 158.359 149.582 2.0 90.0 0 0 0 0 0 0 0 0 0 0
 158.359 152.082 2.0 90.0 0 0 0 0 0 0 0 0 0 0
 158.403 139.183 2.0 81.0 1 0 1 1 0 0 0 0 1 0
 158.732 128.969 2.0 81.0 1 0 0 0 0 0 0 0 0 0
 158.794 141.653 2.0 81.0 1 0 1 1 0 0 0 0 1 0
 159.123 131.438 2.0 81.0 1 0 0 0 0 0 0 0 0 0
 159.185 144.122 2.0 81.0 1 0 1 1 0 0 0 0 1 0
 159.514 133.907 2.0 81.0 1 0 0 0 0 0 0 0 0 0
 159.577 146.591 2.0 81.0 1 0 1 1 0 0 0 0 1 0
 159.905 136.376 2.0 81.0 1 0 0 0 0 0 0 0 0 0
 159.968 149.06 2.0 81.0 1 0 1 1 0 0 0 0 1 0
 160.0 125.0 2.0 0.0 1 0 1 0 0 1 0 0 0 0
 160.0 127.5 2.0 0.0 1 0 1 0 0 1 0 0 0 0
 160.0 130.0 2.0 0.0 1 0 1 0 0 1 0 0 0 0
 160.0 132.5 2.0 0.0 1 0 1 0 0 1 0 0 0 0
 160.0 135.0 2.0 0.0 1 0 1 0 0 1 0 0 0 0
 160.0 137.5 2.0 0.0 1 0 1 0 0 1 0 0 0 0
 160.0 140.0 2.0 0.0 1 0 1 0 0 1 0 0 0 0
 160.0 142.5 2.0 0.0 1 0 1 0 0 1 0 0 0 0
 160.0 145.0 2.0 0.0 1 0 1 0 0 1 0 0 0 0
 160.0 147.5 2.0 0.0 1 0 1 0 0 1 0 0 0 0
 160.0 150.0 2.0 0.0 1 0 1 0 0 1 0 0 0 0
 160.296 138.846 2.0 81.0 1 0 0 0 0 0 0 0 0 0
 160.359 151.53 2.0 81.0 1 0 1 1 0 0 0 0 1 0
 160.687 141.315 2.0 81.0 1 0 0 0 0 0 0 0 0 0
 161.078 143.784 2.0 81.0 1 0 0 0 0 0 0 0 0 0
 161.47 146.253 2.0 81.0 1 0 0 0 0 0 0 0 0 0
 161.861 148.723 2.0 81.0 1 0 0 0 0 0 0 0 0 0
 162.252 151.192 2.0 81.0 1 0 0 0 0 0 0 0 0 0
