 20.0 20.0 2.0 0.0 0 0 0 1 0 0 0 0 0 0
 20.0 20.0 2.0 0.0 0 0 1 0 0 0 1 0 1 0
 20.0 20.0 2.0 18.0 0 0 1 0 0 0 0 0 0 0
 20.0 20.0 2.0 9.0 0 0 1 0 0 0 0 0 0 0
 20.0 22.5 2.0 0.0 0 0 0 1 0 0 0 0 0 0
 22.4692 20.3911 2.0 9.0 0 0 0 1 0 0 0 0 0 0
 22.4692 20.3911 2.0 9.0 0 0 1 0 0 0 1 0 1 0
 22.5 20.0 2.0 0.0 0 0 1 0 0 0 0 0 0 0
 22.8247 61.1716 2.0 18.0 0 0 0 0 0 0 0 0 0 0
 22.8247 61.1716 2.0 27.0 0 0 0 0 0 0 0 0 0 0
 22.8247 61.1716 2.0 36.0 0 0 0 0 0 0 0 0 0 0
 22.8247 61.1716 2.0 45.0 0 0 0 0 0 0 0 0 0 0
 22.8247 61.1716 2.0 54.0 0 0 0 0 0 0 0 0 0 0
 22.8247 61.1716 2.0 63.0 0 0 0 0 0 0 0 0 0 0
 22.8247 61.1716 2.0 72.0 0 0 0 0 0 0 0 0 0 0
 22.8247 61.1716 2.0 81.0 0 0 0 0 0 0 0 0 0 0
 22.8247 61.1716 2.0 90.0 0 0 0 0 0 0 0 0 0 0
 22.8247 61.1716 2.0 99.0 0 1 0 0 0 0 0 0 0 0
 23.2158 58.7024 2.0 99.0 0 1 0 0 0 0 0 0 0 0
 23.6068 56.2331 2.0 99.0 0 1 0 0 0 0 0 0 0 0
 23.9979 53.7639 2.0 99.0 0 1 0 0 0 0 0 0 0 0
 24.9384 20.7822 2.0 9.0 0 0 0 1 0 0 0 0 0 0
 24.9384 20.7822 2.0 9.0 0 0 1 0 0 0 1 0 1 0
 25.0 20.0 2.0 0.0 0 0 1 0 0 0 0 0 0 0
 25.2939 61.5627 2.0 9.0 0 0 0 0 0 0 0 0 0 0
 26.4671 54.155 2.0 99.0 0 1 0 0 0 0 0 0 0 0
 27.4077 21.1733 2.0 9.0 0 0 0 1 0 0 0 0 0 0
 27.4077 21.1733 2.0 9.0 0 0 1 0 0 0 1 0 1 0
 27.5 20.0 2.0 0.0 0 0 1 0 0 0 0 0 0 0
 27.5 20.0 2.0 0.0 0 0 1 1 0 0 0 0 0 0
 27.5 20.0 2.0 0.0 1 0 0 0 1 0 0 0 0 0
 27.5 20.0 2.0 0.0 1 0 1 0 0 0 0 0 0 0
 27.7631 61.9538 2.0 9.0 0 0 0 0 0 0 0 0 0 0
 28.9364 54.5461 2.0 99.0 0 1 0 0 0 0 0 0 0 0
 29.8769 21.5643 2.0 9.0 0 0 0 1 0 0 0 0 0 0
 29.8769 21.5643 2.0 9.0 0 0 1 0 0 0 1 0 1 0
 30.0 20.0 2.0 0.0 0 0 1 0 0 0 0 0 0 0
 30.0 20.0 2.0 0.0 0 0 1 1 0 0 0 0 0 0
 30.0 20.0 2.0 0.0 1 0 0 0 1 0 0 0 0 0
 30.0 20.0 2.0 0.0 1 0 1 0 0 0 0 0 0 0
 30.2323 62.3448 2.0 9.0 0 0 0 0 0 0 0 0 0 0
 31.4056 54.9372 2.0 99.0 0 1 0 0 0 0 0 0 0 0
 32.3461 21.9554 2.0 9.0 0 0 0 1 0 0 0 0 0 0
 32.3461 21.9554 2.0 9.0 1 0 1 0 1 0 0 0 0 0
 32.5 20.0 2.0 0.0 0 0 1 0 0 0 0 0 0 0
 32.5 20.0 2.0 0.0 0 0 1 1 0 0 0 0 0 0
 32.5 20.0 2.0 0.0 1 0 0 0 1 0 0 0 0 0
 32.5 20.0 2.0 0.0 1 0 1 0 0 0 0 0 0 0
 32.7016 62.7359 2.0 9.0 0 0 0 0 0 0 0 0 0 0
 33.8748 55.3283 2.0 99.0 0 1 0 0 0 0 0 0 0 0
 34.8153 22.3465 2.0 9.0 0 0 0 1 0 0 0 0 0 0
 34.8153 22.3465 2.0 9.0 1 0 1 0 1 0 0 0 0 0
 35.0 20.0 2.0 0.0 0 0 1 0 0 0 0 0 0 0
 35.0 20.0 2.0 0.0 0 0 1 1 0 0 0 0 0 0
 35.0 20.0 2.0 0.0 1 0 0 0 1 0 0 0 0 0
 35.0 20.0 2.0 0.0 1 0 1 0 0 0 0 0 0 0
 35.1708 63.127 2.0 9.0 0 0 0 0 0 0 0 0 0 0
 36.344 55.7194 2.0 99.0 0 0 0 0 0 0 0 1 0 0
 37.2845 22.7376 2.0 9.0 0 0 0 1 0 0 0 0 0 0
 37.2845 22.7376 2.0 9.0 1 0 1 0 1 0 0 0 0 0
 37.5 20.0 2.0 0.0 0 0 1 0 0 0 0 0 0 0
 37.5 20.0 2.0 0.0 0 0 1 1 0 0 0 0 0 0
 37.5 20.0 2.0 0.0 1 0 0 0 1 0 0 0 0 0
 37.5 20.0 2.0 0.0 1 0 1 0 0 0 0 0 0 0
 37.64 63.5181 2.0 9.0 0 0 0 0 0 0 0 0 0 0
 38.8133 56.1104 2.0 99.0 0 0 0 0 0 0 0 1 0 0
 39.7538 23.1287 2.0 9.0 0 0 0 1 0 0 0 0 0 0
 39.7538 23.1287 2.0 9.0 1 0 1 0 1 0 0 0 0 0
 40.0 20.0 2.0 0.0 0 0 1 0 0 0 0 0 0 0
 40.0 20.0 2.0 0.0 0 0 1 1 0 0 0 0 0 0
 40.0 20.0 2.0 0.0 1 0 0 0 1 0 0 0 0 0
 40.0 20.0 2.0 0.0 1 0 1 0 0 0 0 0 0 0
 40.1092 63.9092 2.0 9.0 0 0 0 0 0 0 0 0 0 0
 41.2825 56.5015 2.0 99.0 0 0 0 0 0 0 0 1 0 0
 42.223 23.5198 2.0 9.0 0 0 0 1 0 0 0 0 0 0
 42.223 23.5198 2.0 9.0 1 0 1 0 1 0 0 0 0 0
 42.5 20.0 2.0 0.0 0 0 1 0 0 0 0 0 0 0
 42.5 20.0 2.0 0.0 0 0 1 1 0 0 0 0 0 0
 42.5 20.0 2.0 0.0 1 0 0 0 1 0 0 0 0 0
 42.5 20.0 2.0 0.0 1 0 1 0 0 0 0 0 0 0
 42.5784 64.3003 2.0 9.0 0 0 0 0 0 0 0 0 0 0
 43.7517 56.8926 2.0 99.0 0 0 0 0 0 0 0 1 0 0
 44.6922 23.9109 2.0 9.0 0 0 0 1 0 0 0 0 0 0
 44.6922 23.9109 2.0 9.0 1 0 1 0 1 0 0 0 0 0
 45.0 20.0 2.0 0.0 0 0 1 0 0 0 0 0 0 0
 45.0 20.0 2.0 0.0 0 0 1 1 0 0 0 0 0 0
 45.0 20.0 2.0 0.0 1 0 0 0 1 0 0 0 0 0
 45.0 20.0 2.0 0.0 1 0 1 0 0 0 0 0 0 0
 45.0476 64.6914 2.0 9.0 0 0 0 0 0 0 0 0 0 0
 46.2209 57.2837 2.0 99.0 0 0 0 0 0 0 0 1 0 0
 47.1614 24.302 2.0 9.0 0 0 0 1 0 0 0 0 0 0
 47.1614 24.302 2.0 9.0 1 0 1 0 1 0 0 0 0 0
 47.5 20.0 2.0 0.0 0 0 1 0 0 0 0 0 0 0
 47.5 20.0 2.0 0.0 0 0 1 1 0 0 0 0 0 0
 47.5 20.0 2.0 0.0 1 0 0 0 1 0 0 0 0 0
 47.5 20.0 2.0 0.0 1 0 1 0 0 0 0 0 0 0
 47.5169 65.0824 2.0 9.0 0 0 0 0 0 0 0 0 0 0
 48.6901 57.6748 2.0 99.0 0 0 0 0 0 0 0 1 0 0
 49.6306 24.693 2.0 9.0 0 0 0 1 0 0 0 0 0 0
 49.6306 24.693 2.0 9.0 1 0 1 0 1 0 0 0 0 0
 49.9861 65.4735 2.0 9.0 0 0 0 0 0 0 0 0 0 0
 50.0 20.0 2.0 0.0 0 0 1 0 0 0 0 0 0 0
 50.0 20.0 2.0 0.0 0 0 1 1 0 0 0 0 0 0
 50.0 20.0 2.0 0.0 1 0 0 0 1 0 0 0 0 0
 50.0 20.0 2.0 0.0 1 0 1 0 0 0 0 0 0 0
 51.1593 58.0659 2.0 99.0 0 0 0 0 0 0 0 1 0 0
 52.0999 25.0841 2.0 9.0 0 0 0 1 0 0 0 0 0 0
 52.0999 25.0841 2.0 9.0 1 0 1 0 1 0 0 0 0 0
 52.5 20.0 2.0 0.0 0 0 1 0 0 0 0 0 0 0
 52.5 20.0 2.0 0.0 0 0 1 1 0 0 0 0 0 0
 52.5 20.0 2.0 0.0 1 0 0 0 1 0 0 0 0 0
 52.5 20.0 2.0 0.0 1 0 1 0 0 0 0 0 0 0
 52.8464 63.3954 2.0 9.0 0 0 0 0 0 0 0 0 0 0
 53.6286 58.457 2.0 99.0 0 0 0 0 0 0 0 1 0 0
 54.5691 25.4752 2.0 9.0 0 0 0 1 0 0 0 0 0 0
 54.5691 25.4752 2.0 9.0 1 0 1 0 1 0 0 0 0 0
 55.0 20.0 2.0 0.0 0 0 1 0 0 0 0 0 0 0
 55.0 20.0 2.0 0.0 0 0 1 1 0 0 0 0 0 0
 55.0 20.0 2.0 0.0 1 0 0 0 1 0 0 0 0 0
 55.0 20.0 2.0 0.0 1 0 1 0 0 0 0 0 0 0
 55.3156 63.7865 2.0 9.0 0 0 0 0 0 0 0 0 0 0
 56.0978 58.848 2.0 99.0 0 0 0 0 0 0 0 1 0 0
 56.4889 56.3788 2.0 99.0 0 0 0 0 0 0 0 1 0 0
 56.977 54.2285 2.0 108.0 0 1 0 0 0 0 0 0 0 0
 56.977 54.2285 2.0 117.0 0 1 0 0 0 0 0 0 0 0
 56.977 54.2285 2.0 126.0 0 1 0 0 0 0 0 0 0 0
 56.977 54.2285 2.0 27.0 0 0 0 1 0 0 0 0 0 0
 56.977 54.2285 2.0 36.0 0 0 0 1 0 0 0 0 0 0
 56.977 54.2285 2.0 45.0 0 0 0 1 0 0 0 0 0 0
 56.977 54.2285 2.0 54.0 0 0 0 1 0 0 0 0 0 0
 56.977 54.2285 2.0 63.0 0 0 0 1 0 0 0 0 0 0
 56.977 54.2285 2.0 72.0 0 0 0 1 0 0 0 0 0 0
 56.977 54.2285 2.0 81.0 0 0 0 1 0 0 0 0 0 0
 56.977 54.2285 2.0 90.0 0 0 0 1 0 0 0 0 0 0
 56.977 54.2285 2.0 99.0 0 0 0 1 0 0 0 0 0 0
 57.0383 25.8663 2.0 9.0 1 0 1 0 1 0 0 0 0 0
 57.0691 25.4752 2.0 0.0 0 0 0 1 0 0 0 0 0 0
 57.5 20.0 2.0 0.0 0 0 1 0 0 0 0 0 0 0
 57.5 20.0 2.0 0.0 1 0 0 0 0 0 0 0 0 0
 57.5 20.0 2.0 0.0 1 0 0 0 1 0 0 0 0 0
 57.5 20.0 2.0 0.0 1 0 1 0 0 0 0 0 0 0
 57.7848 64.1776 2.0 9.0 0 0 0 0 0 0 0 0 0 0
 58.4465 52.206 2.0 126.0 0 1 0 0 0 0 0 0 0 0
 58.9581 56.7699 2.0 99.0 0 0 0 0 0 0 0 1 0 0
 59.3546 55.0011 2.0 18.0 0 0 0 1 0 0 0 0 0 0
 59.5075 26.2574 2.0 9.0 1 0 1 0 1 0 0 0 0 0
 59.5691 25.4752 2.0 0.0 0 0 0 1 0 0 0 0 0 0
 59.9159 50.1834 2.0 126.0 0 1 0 0 0 0 0 0 0 0
 60.0 20.0 2.0 0.0 0 0 1 0 0 0 0 0 0 0
 60.0 20.0 2.0 0.0 1 0 0 0 0 0 0 0 0 0
 60.0 20.0 2.0 0.0 1 0 0 0 1 0 0 0 0 0
 60.0 20.0 2.0 0.0 1 0 1 0 0 0 0 0 0 0
 60.2541 64.5686 2.0 9.0 0 0 0 0 0 0 0 0 0 0
 60.3813 59.9769 2.0 27.0 0 1 0 0 1 0 0 0 0 0
 60.3813 59.9769 2.0 36.0 0 1 0 0 1 0 0 0 0 0
 60.3813 59.9769 2.0 45.0 0 1 0 0 1 0 0 0 0 0
 60.3813 59.9769 2.0 54.0 0 1 0 0 1 0 0 0 0 0
 60.3813 59.9769 2.0 63.0 0 1 0 0 1 0 0 0 0 0
 60.3813 59.9769 2.0 72.0 0 1 0 0 1 0 0 0 0 0
 60.3813 59.9769 2.0 81.0 0 1 0 0 1 0 0 0 0 0
 60.3813 59.9769 2.0 90.0 0 1 0 0 1 0 0 0 0 0
 60.3813 59.9769 2.0 99.0 0 1 0 0 1 0 0 0 0 0
 60.4715 49.7115 2.0 108.0 0 0 1 0 0 0 0 0 0 0
 60.4715 49.7115 2.0 72.0 0 0 1 0 0 0 0 0 0 0
 60.4715 49.7115 2.0 81.0 0 0 1 0 0 0 0 0 0 0
 60.4715 49.7115 2.0 90.0 0 0 1 0 0 0 0 0 0 0
 60.4715 49.7115 2.0 99.0 0 0 1 0 0 0 0 0 0 0
 60.7724 57.5076 2.0 99.0 0 1 0 0 1 0 0 0 0 0
 61.1635 55.0384 2.0 99.0 0 1 0 0 1 0 0 0 0 0
 61.244 47.3339 2.0 108.0 0 0 1 0 0 0 0 0 0 0
 61.3854 48.1609 2.0 126.0 0 1 0 0 0 0 0 0 0 0
 61.4273 57.161 2.0 99.0 0 0 0 0 0 0 0 1 0 0
 61.5546 52.5692 2.0 99.0 0 1 0 0 1 0 0 0 0 0
 61.6064 51.9391 2.0 63.0 0 0 1 0 0 0 0 0 0 0
 61.7323 55.7736 2.0 18.0 0 0 0 1 0 0 0 0 0 0
 61.8184 54.6918 2.0 99.0 0 0 0 0 0 0 0 1 0 0
 61.9457 50.1 2.0 99.0 0 1 0 0 1 0 0 0 0 0
 61.9767 26.6485 2.0 9.0 1 0 1 0 1 0 0 0 0 0
 62.0166 44.9563 2.0 117.0 0 0 1 0 0 0 0 0 0 0
 62.0166 44.9563 2.0 126.0 0 1 0 0 1 0 0 0 0 0
 62.0691 25.4752 2.0 0.0 1 0 0 0 0 0 0 0 0 0
 62.2095 52.2226 2.0 99.0 0 0 0 0 0 0 0 1 0 0
 62.3368 47.6308 2.0 99.0 0 1 0 0 1 0 0 0 0 0
 62.5 20.0 2.0 0.0 0 0 1 0 0 0 0 0 0 0
 62.5 20.0 2.0 0.0 1 0 0 0 0 0 0 0 0 0
 62.5 20.0 2.0 0.0 1 0 0 0 1 0 0 0 0 0
 62.5 20.0 2.0 0.0 1 0 1 0 0 0 0 0 0 0
 62.5 20.0 2.0 18.0 0 0 1 0 0 0 0 0 0 0
 62.5 20.0 2.0 9.0 0 0 1 0 0 0 0 0 0 0
 62.6006 49.7533 2.0 99.0 0 0 0 0 0 0 0 1 0 0
 62.7233 64.9597 2.0 9.0 0 0 0 0 0 0 0 0 0 0
 62.7279 45.1615 2.0 108.0 0 1 0 0 1 0 0 0 0 0
 62.7279 45.1615 2.0 117.0 0 1 0 0 1 0 0 0 0 0
 62.7279 45.1615 2.0 126.0 0 1 0 0 1 0 0 0 0 0
 62.7279 45.1615 2.0 135.0 0 1 0 0 1 0 0 0 0 0
 62.7279 45.1615 2.0 144.0 0 1 0 0 1 0 0 0 0 0
 62.7279 45.1615 2.0 153.0 0 1 0 0 1 0 0 0 0 0
 62.7279 45.1615 2.0 162.0 0 1 0 0 1 0 0 0 0 0
 62.7414 54.1666 2.0 63.0 0 0 1 0 0 0 0 0 0 0
 62.759 60.7494 2.0 18.0 0 1 0 0 1 0 0 0 0 0
 62.8549 46.1384 2.0 126.0 0 0 0 1 0 0 0 0 0 0
 62.9917 47.2841 2.0 99.0 0 0 0 0 0 0 0 1 0 0
 63.0783 43.8641 2.0 108.0 0 0 1 0 0 0 0 0 0 1
 63.0783 43.8641 2.0 117.0 0 0 1 0 0 0 0 0 0 1
 63.0783 43.8641 2.0 126.0 0 0 1 0 0 0 0 0 0 1
 63.0783 43.8641 2.0 135.0 0 0 1 0 0 0 0 0 0 1
 63.0783 43.8641 2.0 144.0 0 0 1 0 0 0 0 0 0 1
 63.0783 43.8641 2.0 153.0 0 1 0 0 1 0 0 0 0 0
 63.0783 43.8641 2.0 72.0 0 0 1 0 0 0 0 0 0 1
 63.0783 43.8641 2.0 81.0 0 0 1 0 0 0 0 0 0 1
 63.0783 43.8641 2.0 90.0 0 0 1 0 0 0 0 0 0 1
 63.0783 43.8641 2.0 99.0 0 0 1 0 0 0 0 0 0 1
 63.1144 62.4905 2.0 9.0 0 0 0 0 0 0 0 0 0 0
 63.3827 44.8149 2.0 99.0 0 0 0 0 0 0 0 1 0 0
 63.4694 46.3333 2.0 81.0 0 0 1 0 0 0 0 0 0 1
 63.486 42.9337 2.0 135.0 0 1 0 0 1 0 0 0 0 0
 63.486 42.9337 2.0 144.0 0 1 0 0 1 0 0 0 0 0
 63.7738 42.3457 2.0 99.0 1 0 0 0 0 0 0 0 0 0
 63.8605 48.8025 2.0 81.0 0 0 1 0 0 0 0 0 0 1
 63.8764 56.3941 2.0 36.0 0 0 1 0 0 0 0 0 0 0
 63.8764 56.3941 2.0 45.0 0 0 1 0 0 0 0 0 0 0
 63.8764 56.3941 2.0 54.0 0 0 1 0 0 0 0 0 0 0
 63.8764 56.3941 2.0 63.0 0 0 1 0 0 0 0 0 0 0
 64.1099 56.5462 2.0 18.0 1 0 0 0 0 0 0 0 0 0
 64.1649 39.8765 2.0 99.0 1 0 0 0 0 0 0 0 0 0
 64.2516 51.2717 2.0 81.0 0 1 1 0 1 0 0 0 0 0
 64.3243 44.1158 2.0 126.0 0 0 0 1 0 0 0 0 0 0
 64.446 27.0396 2.0 9.0 1 0 1 0 1 0 0 0 0 0
 64.5691 25.4752 2.0 0.0 1 0 0 0 0 0 0 0 0 0
 64.6427 53.741 2.0 81.0 0 1 1 0 1 0 0 0 0 0
 64.7275 21.135 2.0 27.0 0 0 1 0 0 0 0 0 0 0
 65.0 20.0 2.0 0.0 1 0 0 0 0 0 0 0 0 0
 65.0 20.0 2.0 0.0 1 0 0 0 1 0 0 0 0 0
 65.0 20.0 2.0 0.0 1 0 1 0 0 0 0 0 0 0
 65.0338 56.2102 2.0 45.0 0 1 1 0 1 0 0 0 0 0
 65.0338 56.2102 2.0 54.0 0 1 1 0 1 0 0 0 0 0
 65.0338 56.2102 2.0 63.0 0 1 1 0 1 0 0 0 0 0
 65.0338 56.2102 2.0 72.0 0 1 1 0 1 0 0 0 0 0
 65.0338 56.2102 2.0 81.0 0 1 1 0 1 0 0 0 0 0
 65.1055 44.389 2.0 162.0 0 1 0 0 1 0 0 0 0 0
 65.127 54.1547 2.0 36.0 0 1 0 0 0 0 0 0 1 0
 65.127 54.1547 2.0 45.0 0 1 0 0 0 0 0 0 1 0
 65.127 54.1547 2.0 54.0 0 1 0 0 0 0 0 0 1 0
 65.127 54.1547 2.0 63.0 0 1 0 0 0 0 0 0 1 0
 65.127 54.1547 2.0 72.0 0 1 0 0 0 0 0 0 1 0
 65.127 54.1547 2.0 81.0 0 1 0 0 0 0 0 0 1 0
 65.127 54.1547 2.0 90.0 0 1 0 0 0 0 0 0 1 0
 65.127 54.1547 2.0 99.0 0 1 0 0 0 0 0 0 1 0
 65.1366 61.5219 2.0 18.0 0 1 0 0 1 0 0 0 0 0
 65.3058 42.7291 2.0 153.0 0 1 0 0 1 0 0 0 0 0
 65.5086 41.4643 2.0 144.0 0 1 0 0 1 0 0 0 0 0
 65.5181 51.6855 2.0 99.0 0 1 0 0 0 0 0 0 1 0
 65.5836 62.8816 2.0 9.0 0 0 0 0 0 0 0 0 0 0
 65.7938 42.0933 2.0 135.0 0 0 0 1 0 0 0 0 0 0
 65.7938 42.0933 2.0 144.0 0 0 0 1 0 0 0 0 0 0
 65.7938 42.0933 2.0 153.0 0 1 0 0 0 0 0 0 0 0
 65.7938 42.0933 2.0 162.0 0 1 0 0 0 0 0 0 0 0
 65.7938 42.0933 2.0 171.0 0 1 0 0 0 0 0 0 0 0
 65.9091 49.2163 2.0 99.0 0 1 0 0 0 0 0 0 1 0
 65.9747 60.4124 2.0 9.0 0 0 0 0 0 0 0 0 0 0
 66.1039 57.5291 2.0 27.0 0 0 1 0 0 0 0 0 0 0
 66.3002 46.7471 2.0 99.0 0 1 0 0 0 0 0 0 1 0
 66.4876 57.3187 2.0 18.0 1 0 0 0 0 0 0 0 0 0
 66.6341 40.2676 2.0 99.0 1 0 0 0 0 0 0 0 0 0
 66.6913 44.2779 2.0 108.0 0 1 0 0 0 0 0 0 1 0
 66.6913 44.2779 2.0 117.0 0 1 0 0 0 0 0 0 1 0
 66.9152 27.4306 2.0 9.0 1 0 1 0 1 0 0 0 0 0
 66.955 22.27 2.0 27.0 0 0 1 0 0 0 0 0 0 0
 67.0563 57.6796 2.0 27.0 0 1 1 0 1 0 0 0 0 0
 67.0563 57.6796 2.0 36.0 0 1 1 0 1 0 0 0 0 0
 67.0691 25.4752 2.0 0.0 1 0 0 0 0 0 0 0 0 0
 67.3063 24.9614 2.0 9.0 1 0 1 0 1 0 0 0 0 0
 67.3545 55.2897 2.0 27.0 0 1 0 0 0 0 0 0 1 0
 67.4831 43.6165 2.0 162.0 0 1 0 0 1 0 0 0 0 0
 67.5 20.0 2.0 0.0 1 0 0 0 0 0 0 0 0 0
 67.5 20.0 2.0 0.0 1 0 0 0 1 0 0 0 0 0
 67.5 20.0 2.0 0.0 1 0 1 0 0 0 0 0 0 0
 67.5143 62.2945 2.0 18.0 0 1 0 0 1 0 0 0 0 0
 67.5311 39.9948 2.0 144.0 0 1 0 0 1 0 0 0 0 0
 67.5334 41.5941 2.0 153.0 0 1 0 0 1 0 0 0 0 0
 67.8263 42.0504 2.0 117.0 0 1 0 0 0 0 0 0 1 0
 68.0213 40.9583 2.0 153.0 0 1 0 0 0 0 0 0 0 0
 68.3314 58.664 2.0 27.0 0 0 1 0 0 0 0 0 0 0
 68.4439 60.8035 2.0 9.0 0 0 0 0 0 0 0 0 0 0
 68.8652 58.0912 2.0 18.0 1 0 0 0 0 0 0 0 0 0
 68.9613 39.8228 2.0 126.0 0 1 0 0 0 0 0 0 1 0
 68.9613 39.8228 2.0 135.0 0 1 0 0 0 0 0 0 1 0
 69.1034 40.6586 2.0 99.0 1 0 0 0 0 0 0 0 0 0
 69.1825 23.4049 2.0 27.0 0 0 1 0 0 0 0 0 0 0
 69.4339 58.4522 2.0 18.0 0 1 1 0 1 0 0 0 0 0
 69.5536 38.5253 2.0 144.0 0 1 0 0 1 0 0 0 0 0
 69.5691 25.4752 2.0 0.0 1 0 0 0 0 0 0 0 0 0
 69.582 56.4247 2.0 18.0 0 1 0 0 0 0 0 0 1 0
 69.582 56.4247 2.0 27.0 0 1 0 0 0 0 0 0 1 0
 69.7609 40.4591 2.0 153.0 0 1 0 0 1 0 0 0 0 0
 69.7755 25.3525 2.0 9.0 1 0 1 0 1 0 0 0 0 0
 69.8608 42.8439 2.0 162.0 0 1 0 0 1 0 0 0 0 0
 69.8919 63.067 2.0 18.0 0 1 0 0 1 0 0 0 0 0
 70.0 20.0 2.0 0.0 1 0 0 0 0 0 0 0 0 0
 70.0 20.0 2.0 0.0 1 0 0 0 1 0 0 0 0 0
 70.0 20.0 2.0 0.0 1 0 1 0 0 0 0 0 0 0
 70.2488 39.8233 2.0 153.0 0 1 0 0 0 0 0 0 0 0
 70.559 59.799 2.0 18.0 0 0 1 0 0 0 0 0 0 0
 70.559 59.799 2.0 27.0 0 0 1 0 0 0 0 0 0 0
 70.559 59.799 2.0 9.0 0 0 1 0 0 0 0 0 0 0
 70.729 38.0551 2.0 135.0 0 1 0 0 0 0 0 0 1 0
 70.9131 61.1945 2.0 9.0 0 0 0 0 0 0 0 0 0 0
 71.2051 24.8744 2.0 36.0 0 0 1 0 0 0 0 0 0 0
 71.2429 58.8638 2.0 18.0 1 0 0 0 0 0 0 0 0 0
 71.5726 41.0497 2.0 99.0 1 0 0 0 0 0 0 0 0 0
 71.5762 37.0559 2.0 144.0 0 1 0 0 1 0 0 0 0 0
 71.8116 59.2247 2.0 18.0 0 1 1 0 1 0 0 0 0 0
 71.946 33.7342 2.0 153.0 1 0 1 1 1 0 0 0 0 0
 71.9637 38.5805 2.0 99.0 1 0 0 0 0 0 0 0 0 0
 71.9884 39.3242 2.0 153.0 0 1 0 0 1 0 0 0 0 0
 72.0512 56.8158 2.0 9.0 0 1 0 0 0 0 0 0 1 0
 72.0691 25.4752 2.0 0.0 1 0 0 0 0 0 0 0 0 0
 72.2384 42.0714 2.0 162.0 0 0 1 1 0 0 0 0 0 0
 72.2447 25.7436 2.0 9.0 1 0 1 0 1 0 0 0 0 0
 72.2695 63.8396 2.0 18.0 0 1 0 0 1 0 0 0 0 0
 72.3548 36.1113 2.0 99.0 1 0 0 0 0 0 0 0 0 0
 72.4763 38.6884 2.0 153.0 0 1 0 0 0 0 0 0 0 0
 72.4968 36.2873 2.0 135.0 0 1 0 0 0 0 0 0 1 0
 72.5 20.0 2.0 0.0 1 0 0 0 0 0 0 0 0 0
 72.5 20.0 2.0 0.0 1 0 0 0 1 0 0 0 0 0
 72.5 20.0 2.0 0.0 1 0 1 0 0 0 0 0 0 0
 72.7458 33.6421 2.0 99.0 1 0 0 0 0 0 0 0 0 0
 73.059 59.799 2.0 0.0 0 0 1 0 0 0 0 0 0 0
 73.0809 35.9617 2.0 153.0 1 0 1 1 1 0 0 0 0 0
 73.2276 26.3439 2.0 36.0 0 0 1 0 0 0 0 0 0 0
 73.3823 61.5856 2.0 9.0 0 0 0 0 0 0 0 0 0 0
 73.5987 35.5864 2.0 144.0 0 1 0 0 1 0 0 0 0 0
 73.6205 59.6363 2.0 18.0 1 0 0 0 0 0 0 0 0 0
 74.1735 32.5992 2.0 153.0 1 0 1 1 1 0 0 0 0 0
 74.1892 59.9973 2.0 18.0 0 1 1 0 1 0 0 0 0 0
 74.2159 38.1892 2.0 153.0 0 1 0 0 1 0 0 0 0 0
 74.2646 34.5195 2.0 135.0 0 1 0 0 0 0 0 0 1 0
 74.5205 57.2069 2.0 9.0 0 1 0 0 0 0 0 0 1 0
 74.5691 25.4752 2.0 0.0 1 0 0 0 0 0 0 0 0 0
 74.5691 25.4752 2.0 18.0 0 0 0 1 0 0 0 0 0 0
 74.5691 25.4752 2.0 27.0 0 0 0 1 0 0 0 0 0 0
 74.5691 25.4752 2.0 36.0 0 0 0 1 0 0 0 0 0 0
 74.5691 25.4752 2.0 9.0 1 0 0 0 0 0 0 0 0 0
 74.6161 41.2988 2.0 162.0 0 0 1 1 0 0 0 0 0 0
 74.6472 64.6121 2.0 18.0 0 1 0 0 1 0 0 0 0 0
 74.7038 37.5534 2.0 153.0 0 0 0 1 0 0 0 0 0 0
 74.7139 26.1347 2.0 9.0 1 0 1 0 1 0 0 0 0 0
 75.0 20.0 2.0 0.0 1 0 0 0 0 0 0 0 0 0
 75.0 20.0 2.0 0.0 1 0 0 0 1 0 0 0 0 0
 75.0 20.0 2.0 0.0 1 0 1 0 0 0 0 0 0 0
 75.0 20.0 2.0 18.0 1 0 0 0 1 0 0 0 0 0
 75.0 20.0 2.0 27.0 1 0 0 0 1 0 0 0 0 0
 75.0 20.0 2.0 9.0 1 0 0 0 1 0 0 0 0 0
 75.2151 34.0332 2.0 99.0 1 0 0 0 0 0 0 0 0 0
 75.2502 27.8133 2.0 36.0 0 0 1 0 0 0 0 0 0 0
 75.2502 27.8133 2.0 45.0 0 0 1 0 0 0 0 0 0 0
 75.2502 27.8133 2.0 54.0 0 0 1 0 0 0 0 0 0 0
 75.2502 27.8133 2.0 63.0 0 0 1 0 0 0 0 0 0 0
 75.2502 27.8133 2.0 72.0 0 1 0 0 0 0 0 0 1 0
 75.559 59.799 2.0 0.0 0 0 1 0 0 0 0 0 0 0
 75.6061 31.5639 2.0 99.0 1 0 0 0 0 0 0 0 0 0
 75.6213 34.1169 2.0 144.0 0 1 0 0 1 0 0 0 0 0
 75.6413 30.2825 2.0 81.0 0 1 0 0 0 0 0 0 1 0
 75.8516 61.9767 2.0 9.0 0 0 0 0 0 0 0 0 0 0
 75.9981 60.4089 2.0 18.0 1 0 0 0 0 0 0 0 0 0
 76.0323 32.7518 2.0 108.0 0 1 0 0 0 0 0 0 1 0
 76.0323 32.7518 2.0 117.0 0 1 0 0 0 0 0 0 1 0
 76.0323 32.7518 2.0 126.0 0 1 0 0 0 0 0 0 1 0
 76.0323 32.7518 2.0 81.0 0 1 0 0 0 0 0 0 1 0
 76.0323 32.7518 2.0 90.0 0 1 0 0 0 0 0 0 1 0
 76.0323 32.7518 2.0 99.0 0 1 0 0 0 0 0 0 1 0
 76.3368 27.243 2.0 45.0 0 0 0 1 0 0 0 0 0 0
 76.401 31.4642 2.0 108.0 1 0 1 1 1 0 0 0 0 0
 76.401 31.4642 2.0 117.0 1 0 1 1 1 0 0 0 0 0
 76.401 31.4642 2.0 126.0 1 0 1 1 1 0 0 0 0 0
 76.401 31.4642 2.0 135.0 1 0 1 1 1 0 0 0 0 0
 76.401 31.4642 2.0 144.0 1 0 1 1 1 0 0 0 0 0
 76.401 31.4642 2.0 99.0 1 0 1 1 1 0 0 0 0 0
 76.5669 60.7698 2.0 18.0 0 1 1 0 1 0 0 0 0 0
 76.7921 28.995 2.0 99.0 1 0 1 1 1 0 0 0 0 0
 76.9314 36.4184 2.0 108.0 1 0 0 0 0 0 0 0 0 0
 76.9314 36.4184 2.0 117.0 0 0 0 1 0 0 0 0 0 0
 76.9314 36.4184 2.0 126.0 0 0 0 1 0 0 0 0 0 0
 76.9314 36.4184 2.0 135.0 0 0 0 1 0 0 0 0 0 0
 76.9314 36.4184 2.0 144.0 0 0 0 1 0 0 0 0 0 0
 76.9314 36.4184 2.0 99.0 1 0 0 0 0 0 0 0 0 0
 76.9897 57.598 2.0 9.0 0 1 0 0 0 0 0 0 1 0
 76.9937 40.5263 2.0 162.0 0 0 1 1 0 0 0 0 0 0
 77.0225 21.4695 2.0 36.0 1 0 0 0 1 0 0 0 0 0
 77.0225 21.4695 2.0 45.0 1 0 0 0 1 0 0 0 0 0
 77.0248 65.3847 2.0 18.0 0 1 0 0 1 0 0 0 0 0
 77.1832 26.5258 2.0 18.0 1 0 1 0 1 0 0 0 0 0
 77.1832 26.5258 2.0 27.0 1 0 1 0 1 0 0 0 0 0
 77.1832 26.5258 2.0 36.0 1 0 1 0 1 0 0 0 0 0
 77.1832 26.5258 2.0 45.0 1 0 1 0 1 0 0 0 0 0
 77.1832 26.5258 2.0 54.0 1 0 1 0 1 0 0 0 0 0
 77.1832 26.5258 2.0 63.0 1 0 1 0 1 0 0 0 0 0
 77.1832 26.5258 2.0 72.0 1 0 1 0 1 0 0 0 0 0
 77.1832 26.5258 2.0 81.0 1 0 1 0 1 0 0 0 0 0
 77.1832 26.5258 2.0 9.0 1 0 1 0 1 0 0 0 0 0
 77.1832 26.5258 2.0 90.0 1 0 1 0 1 0 0 0 0 0
 77.3224 33.9492 2.0 99.0 1 0 0 0 0 0 0 0 0 0
 77.5 20.0 2.0 0.0 1 0 0 0 0 0 0 0 0 0
 77.5 20.0 2.0 0.0 1 0 1 0 0 0 0 0 0 0
 77.6438 32.6475 2.0 108.0 0 1 0 0 1 0 0 0 0 0
 77.6438 32.6475 2.0 117.0 0 1 0 0 1 0 0 0 0 0
 77.6438 32.6475 2.0 126.0 0 1 0 0 1 0 0 0 0 0
 77.6438 32.6475 2.0 135.0 0 1 0 0 1 0 0 0 0 0
 77.7135 31.48 2.0 99.0 1 0 0 0 0 0 0 0 0 0
 78.059 59.799 2.0 0.0 0 0 1 0 0 0 0 0 0 0
 78.0754 31.955 2.0 99.0 1 0 0 0 0 0 0 0 0 0
 78.1046 29.0107 2.0 45.0 0 0 0 1 0 0 0 0 0 0
 78.1046 29.0107 2.0 54.0 1 0 0 0 0 0 0 0 0 0
 78.1046 29.0107 2.0 63.0 1 0 0 0 0 0 0 0 0 0
 78.1046 29.0107 2.0 72.0 1 0 0 0 0 0 0 0 0 0
 78.1046 29.0107 2.0 81.0 1 0 0 0 0 0 0 0 0 0
 78.1046 29.0107 2.0 90.0 1 0 0 0 0 0 0 0 0 0
 78.3208 62.3678 2.0 9.0 0 0 0 0 0 0 0 0 0 0
 78.3758 61.1814 2.0 18.0 1 0 0 0 0 0 0 0 0 0
 78.4164 30.2698 2.0 108.0 0 1 0 0 1 0 0 0 0 0
 78.4664 29.4858 2.0 99.0 1 0 0 0 0 0 0 0 0 0
 78.492 23.492 2.0 54.0 0 1 0 0 1 0 0 0 0 0
 78.9445 61.5423 2.0 18.0 0 1 1 0 1 0 0 0 0 0
 79.1889 27.8922 2.0 108.0 0 1 0 0 1 0 0 0 0 0
 79.3713 39.7538 2.0 108.0 1 0 0 0 1 0 0 0 0 0
 79.3713 39.7538 2.0 117.0 1 0 0 0 1 0 0 0 0 0
 79.3713 39.7538 2.0 126.0 0 0 1 1 0 0 0 0 0 0
 79.3713 39.7538 2.0 135.0 0 0 1 1 0 0 0 0 0 0
 79.3713 39.7538 2.0 144.0 0 0 1 1 0 0 0 0 0 0
 79.3713 39.7538 2.0 153.0 0 0 1 1 0 0 0 0 0 0
 79.3713 39.7538 2.0 99.0 1 0 0 0 1 0 0 0 0 0
 79.4025 66.1572 2.0 18.0 0 1 0 0 1 0 0 0 0 0
 79.4589 57.989 2.0 9.0 0 1 0 0 0 0 0 0 1 0
 79.7624 37.2845 2.0 99.0 1 0 0 0 1 0 0 0 0 0
 79.9615 25.5145 2.0 54.0 0 1 0 0 1 0 0 0 0 0
 79.9615 25.5145 2.0 63.0 0 1 0 0 1 0 0 0 0 0
 79.9615 25.5145 2.0 72.0 0 1 0 0 1 0 0 0 0 0
 79.9615 25.5145 2.0 81.0 0 1 0 0 1 0 0 0 0 0
 79.9615 25.5145 2.0 90.0 0 1 0 0 1 0 0 0 0 0
 79.9615 25.5145 2.0 99.0 0 1 0 0 1 0 0 0 0 0
 80.0 20.0 2.0 0.0 1 0 0 0 0 0 0 0 0 0
 80.0 20.0 2.0 0.0 1 0 1 0 0 0 0 0 0 0
 80.1535 34.8153 2.0 99.0 1 0 0 0 1 0 0 0 0 0
 80.5446 32.3461 2.0 99.0 1 0 0 0 1 0 0 0 0 0
 80.559 59.799 2.0 0.0 0 0 1 0 0 0 0 0 0 0
 80.7534 61.9539 2.0 18.0 1 0 0 0 0 0 0 0 0 0
 80.79 62.7589 2.0 9.0 0 0 0 0 0 0 0 0 0 0
 80.9357 29.8769 2.0 99.0 1 0 0 0 0 0 0 0 0 0
 80.9357 29.8769 2.0 99.0 1 0 0 0 1 0 0 0 0 0
 81.3221 62.3149 2.0 18.0 0 1 1 0 1 0 0 0 0 0
 81.3268 27.4077 2.0 99.0 1 0 0 0 0 0 0 0 0 0
 81.3268 27.4077 2.0 99.0 1 0 0 0 1 0 0 0 0 0
 81.7178 24.9384 2.0 99.0 0 0 1 1 0 0 0 0 0 0
 81.7178 24.9384 2.0 99.0 1 0 0 0 0 0 0 0 0 0
 81.7801 66.9297 2.0 18.0 0 1 0 0 1 0 0 0 0 0
 81.9281 58.3801 2.0 9.0 0 1 0 0 0 0 0 0 1 0
 82.1089 22.4692 2.0 99.0 0 0 1 1 0 0 0 0 0 0
 82.1089 22.4692 2.0 99.0 1 0 0 0 0 0 0 0 0 0
 82.5 20.0 2.0 0.0 1 0 0 0 0 0 0 0 0 0
 82.5 20.0 2.0 0.0 1 0 1 0 0 0 0 0 0 0
 82.5 20.0 2.0 18.0 1 0 0 0 0 0 0 0 0 0
 82.5 20.0 2.0 18.0 1 0 1 0 0 0 0 0 0 0
 82.5 20.0 2.0 27.0 1 0 0 0 0 0 0 0 0 0
 82.5 20.0 2.0 27.0 1 0 1 0 0 0 0 0 0 0
 82.5 20.0 2.0 36.0 0 0 1 1 0 0 0 0 0 0
 82.5 20.0 2.0 36.0 1 0 1 0 0 0 0 0 0 0
 82.5 20.0 2.0 45.0 0 0 1 1 0 0 0 0 0 0
 82.5 20.0 2.0 45.0 1 0 1 0 0 0 0 0 0 0
 82.5 20.0 2.0 54.0 0 0 1 1 0 0 0 0 0 0
 82.5 20.0 2.0 54.0 1 0 1 0 0 0 0 0 0 0
 82.5 20.0 2.0 63.0 0 0 1 1 0 0 0 0 0 0
 82.5 20.0 2.0 63.0 1 0 1 0 0 0 0 0 0 0
 82.5 20.0 2.0 72.0 0 0 1 1 0 0 0 0 0 0
 82.5 20.0 2.0 72.0 1 0 1 0 0 0 0 0 0 0
 82.5 20.0 2.0 81.0 0 0 1 1 0 0 0 0 0 0
 82.5 20.0 2.0 81.0 1 0 0 0 0 0 0 0 0 0
 82.5 20.0 2.0 9.0 1 0 0 0 0 0 0 0 0 0
 82.5 20.0 2.0 9.0 1 0 1 0 0 0 0 0 0 0
 82.5 20.0 2.0 90.0 0 0 1 1 0 0 0 0 0 0
 82.5 20.0 2.0 90.0 1 0 0 0 0 0 0 0 0 0
 83.059 59.799 2.0 0.0 0 0 1 0 0 0 0 0 0 0
 83.1311 62.7265 2.0 18.0 1 0 0 0 0 0 0 0 0 0
 83.2592 63.15 2.0 9.0 0 0 0 0 0 0 0 0 0 0
 83.6998 63.0874 2.0 18.0 0 1 1 0 1 0 0 0 0 0
 84.2493 67.3208 2.0 0.0 0 1 0 0 1 0 0 0 0 0
 84.2493 67.3208 2.0 9.0 0 1 0 0 1 0 0 0 0 0
 84.3974 58.7712 2.0 18.0 0 1 0 0 0 0 0 0 1 0
 84.3974 58.7712 2.0 27.0 0 1 0 0 0 0 0 0 1 0
 84.3974 58.7712 2.0 36.0 0 1 0 0 0 0 0 0 1 0
 84.3974 58.7712 2.0 9.0 0 1 0 0 0 0 0 0 1 0
 85.5087 63.499 2.0 18.0 1 0 0 0 0 0 0 0 0 0
 85.559 59.799 2.0 0.0 0 0 1 0 0 0 0 0 0 0
 85.7284 63.5411 2.0 9.0 0 0 0 0 0 0 0 0 0 0
 86.0774 63.86 2.0 18.0 0 1 1 1 0 0 0 0 0 0
 86.1651 60.539 2.0 45.0 0 1 0 0 0 0 0 0 1 0
 86.7185 66.9297 2.0 351.0 0 1 0 0 0 0 0 0 1 0
 87.8863 64.2716 2.0 18.0 1 0 0 0 0 0 0 0 0 0
 87.9329 62.3068 2.0 45.0 0 1 0 0 0 0 0 0 1 0
 88.059 59.799 2.0 0.0 0 0 1 0 0 0 0 0 0 0
 88.059 59.799 2.0 18.0 0 0 1 0 0 0 0 0 0 0
 88.059 59.799 2.0 27.0 0 0 1 0 0 0 0 0 0 0
 88.059 59.799 2.0 9.0 0 0 1 0 0 0 0 0 0 0
 88.1977 63.9321 2.0 9.0 0 0 0 0 0 0 0 0 0 0
 88.4551 64.6325 2.0 18.0 0 1 1 1 0 0 0 0 0 0
 89.1878 66.5387 2.0 351.0 0 1 0 0 0 0 0 0 1 0
 89.7007 64.0745 2.0 45.0 0 1 0 0 0 0 0 0 1 0
 90.0815 61.2685 2.0 36.0 0 0 1 0 0 0 0 0 0 0
 90.264 65.0441 2.0 18.0 1 0 0 0 0 0 0 0 0 0
 90.6669 64.3232 2.0 9.0 0 0 0 0 0 0 0 0 0 0
 90.8327 65.4051 2.0 18.0 0 1 1 1 0 0 0 0 0 0
 91.4684 65.8423 2.0 45.0 0 1 0 0 0 0 0 0 1 0
 91.657 66.1476 2.0 351.0 0 1 0 0 0 0 0 0 1 0
 92.104 62.7379 2.0 36.0 0 0 1 0 0 0 0 0 0 0
 92.6416 65.8167 2.0 18.0 1 0 0 0 0 0 0 0 0 0
 93.1361 64.7143 2.0 9.0 0 0 0 0 0 0 0 0 0 0
 93.2103 66.1776 2.0 18.0 0 1 1 1 0 0 0 0 0 0
 93.2362 67.6101 2.0 45.0 0 1 0 0 0 0 0 0 1 0
 94.1262 65.7565 2.0 351.0 0 1 0 0 0 0 0 0 1 0
 94.1266 64.2074 2.0 36.0 0 0 1 0 0 0 0 0 0 0
 95.004 69.3778 2.0 45.0 0 1 0 0 0 0 0 0 1 0
 95.0192 66.5892 2.0 18.0 1 0 0 0 0 0 0 0 0 0
 95.588 66.9501 2.0 18.0 0 1 1 1 0 0 0 0 0 0
 95.6053 65.1054 2.0 9.0 0 0 0 0 0 0 0 0 0 0
 95.8944 65.9752 2.0 45.0 0 0 1 0 0 0 0 0 0 0
 96.5954 65.3654 2.0 18.0 0 1 0 0 0 0 0 0 1 0
 96.5954 65.3654 2.0 27.0 0 1 0 0 0 0 0 0 1 0
 96.5954 65.3654 2.0 351.0 0 1 0 0 0 0 0 0 1 0
 96.5954 65.3654 2.0 36.0 0 1 0 0 0 0 0 0 1 0
 96.5954 65.3654 2.0 360.0 0 1 0 0 0 0 0 0 1 0
 96.5954 65.3654 2.0 9.0 0 1 0 0 0 0 0 0 1 0
 96.7717 71.1456 2.0 36.0 0 1 0 0 0 0 0 0 1 0
 96.7717 71.1456 2.0 45.0 0 1 0 0 0 0 0 0 1 0
 97.3969 67.3617 2.0 18.0 1 0 0 0 0 0 0 0 0 0
 97.3969 67.3617 2.0 27.0 1 0 0 0 0 0 0 0 0 0
 97.3969 67.3617 2.0 36.0 0 0 0 1 0 0 0 0 0 0
 97.3969 67.3617 2.0 45.0 0 0 0 1 0 0 0 0 0 0
 97.3969 67.3617 2.0 54.0 0 0 0 1 0 0 0 0 0 0
 97.3969 67.3617 2.0 63.0 0 0 0 1 0 0 0 0 0 0
 97.3969 67.3617 2.0 72.0 0 1 0 0 0 0 0 0 0 0
 97.6621 67.7429 2.0 45.0 0 0 1 0 0 0 0 0 0 0
 97.7843 25.7069 2.0 234.0 1 1 0 0 0 0 0 0 0 0
 97.7843 25.7069 2.0 243.0 1 1 0 0 0 0 0 0 0 0
 97.7843 25.7069 2.0 252.0 1 1 0 0 0 0 0 0 0 0
 97.7843 25.7069 2.0 261.0 1 1 0 0 0 0 0 0 0 0
 97.7843 25.7069 2.0 270.0 1 1 0 0 0 0 0 0 0 0
 97.7843 25.7069 2.0 279.0 1 1 0 0 0 0 0 0 0 0
 97.7843 25.7069 2.0 288.0 1 1 0 0 0 0 0 0 0 0
 97.7843 25.7069 2.0 297.0 1 1 0 0 0 0 0 0 0 0
 97.7843 25.7069 2.0 306.0 1 1 0 0 0 0 0 0 0 0
 97.7843 25.7069 2.0 315.0 1 1 0 0 0 0 0 0 0 0
 97.7843 25.7069 2.0 324.0 1 1 0 0 0 0 0 0 0 0
 97.7843 25.7069 2.0 333.0 1 0 0 0 0 0 0 0 0 0
 97.788 69.831 2.0 81.0 0 1 0 0 0 0 0 0 0 0
 97.9254 23.7645 2.0 351.0 0 0 1 0 0 0 1 0 0 0
 97.9656 67.7227 2.0 18.0 0 1 1 1 0 0 0 0 0 0
 98.0746 65.4965 2.0 9.0 0 0 0 0 0 0 0 0 0 0
 98.1791 72.3002 2.0 81.0 0 1 0 0 0 0 0 0 0 0
 98.1791 77.2386 2.0 18.0 0 0 0 1 0 0 0 0 0 0
 98.1791 77.2386 2.0 27.0 0 0 0 1 0 0 0 0 0 0
 98.1791 77.2386 2.0 36.0 0 0 0 1 0 0 0 0 0 0
 98.1791 77.2386 2.0 45.0 0 0 0 1 0 0 0 0 0 0
 98.1791 77.2386 2.0 54.0 0 0 0 1 0 0 0 0 0 0
 98.1791 77.2386 2.0 63.0 0 0 0 1 0 0 0 0 0 0
 98.1791 77.2386 2.0 72.0 0 0 0 1 0 0 0 0 0 0
 98.1791 77.2386 2.0 81.0 0 1 0 0 0 0 0 0 0 0
 98.1791 77.2386 2.0 9.0 0 0 0 1 0 0 0 0 0 0
 98.1791 77.2386 2.0 90.0 0 1 0 0 0 0 0 0 0 0
 98.1791 77.2386 2.0 99.0 0 1 0 0 0 0 0 0 0 0
 98.3165 26.2337 2.0 351.0 0 0 1 0 0 0 1 0 0 0
 98.3632 67.1332 2.0 45.0 0 1 0 0 0 0 0 0 1 0
 98.5701 74.7694 2.0 81.0 0 1 0 0 0 0 0 0 0 0
 98.5701 74.7694 2.0 90.0 0 1 0 0 0 0 0 0 0 0
 98.7076 28.7029 2.0 315.0 0 0 1 0 0 0 1 0 0 0
 98.7076 28.7029 2.0 324.0 0 0 1 0 0 0 1 0 0 0
 98.7076 28.7029 2.0 333.0 0 0 1 0 0 0 1 0 0 0
 98.7076 28.7029 2.0 342.0 0 0 1 0 0 0 1 0 0 0
 98.9993 72.2806 2.0 27.0 0 1 0 0 0 0 0 0 1 0
 99.0769 29.8059 2.0 198.0 1 0 0 0 0 0 0 0 0 0
 99.0769 29.8059 2.0 207.0 1 0 0 0 0 0 0 0 0 0
 99.0769 29.8059 2.0 216.0 1 0 0 0 0 0 0 0 0 0
 99.0769 29.8059 2.0 225.0 1 0 0 0 0 0 0 0 0 0
 99.0769 29.8059 2.0 234.0 1 0 0 0 0 0 0 0 0 0
 99.0769 29.8059 2.0 243.0 1 0 0 0 0 0 0 0 0 0
 99.0769 29.8059 2.0 252.0 1 0 0 0 0 0 0 0 0 0
 99.0769 29.8059 2.0 261.0 1 0 0 0 0 0 0 0 0 0
 99.0769 29.8059 2.0 270.0 1 0 0 0 0 0 0 0 0 0
 99.0769 29.8059 2.0 279.0 1 0 0 0 0 0 0 0 0 0
 99.0769 29.8059 2.0 288.0 1 0 0 0 0 0 0 0 0 0
 99.0769 29.8059 2.0 297.0 1 0 0 0 0 0 0 0 0 0
 99.0769 29.8059 2.0 306.0 1 0 0 0 0 0 0 0 0 0
 99.0769 29.8059 2.0 315.0 1 0 0 0 0 0 0 0 0 0
 99.0769 29.8059 2.0 324.0 1 0 0 0 0 0 0 0 0 0
 99.0769 29.8059 2.0 333.0 1 0 0 0 0 0 0 0 0 0
 99.0769 29.8059 2.0 342.0 1 0 0 0 0 0 0 0 0 0
 99.0769 29.8059 2.0 351.0 1 0 0 0 0 0 0 0 0 0
 99.0769 29.8059 2.0 360.0 1 0 0 0 0 0 0 0 0 0
 99.0769 29.8059 2.0 9.0 1 0 0 0 0 0 0 0 0 0
 99.1316 69.7655 2.0 54.0 0 0 1 0 0 0 0 0 0 0
 99.2538 27.7294 2.0 234.0 1 1 0 0 0 0 0 0 0 0
 99.8495 27.4283 2.0 18.0 1 0 0 0 0 0 0 0 0 0
 99.8582 35.723 2.0 189.0 1 0 0 0 1 0 0 0 0 0
 99.8582 35.723 2.0 198.0 1 0 0 0 1 0 0 0 0 0
 99.8582 35.723 2.0 207.0 1 0 0 0 1 0 0 0 0 0
 99.8582 35.723 2.0 216.0 1 0 0 0 1 0 0 0 0 0
 99.8582 35.723 2.0 225.0 1 0 0 0 1 0 0 0 0 0
 99.8582 35.723 2.0 234.0 1 0 0 0 1 0 0 0 0 0
 99.8582 35.723 2.0 243.0 1 0 0 0 1 0 0 0 0 0
 99.8582 35.723 2.0 252.0 1 0 0 0 1 0 0 0 0 0
 99.8582 35.723 2.0 261.0 1 0 0 0 1 0 0 0 0 0
 99.8582 35.723 2.0 270.0 1 0 0 0 1 0 0 0 0 0
 99.8582 35.723 2.0 279.0 1 0 0 0 1 0 0 0 0 0
 100.131 68.901 2.0 45.0 0 1 0 0 0 0 0 0 1 0
 100.162 24.9344 2.0 342.0 1 0 0 0 0 0 0 0 0 0
 100.343 68.4952 2.0 18.0 0 1 1 1 0 0 0 0 0 0
 100.395 23.3734 2.0 351.0 0 0 1 0 0 0 1 0 0 0
 100.475 30.4707 2.0 315.0 0 0 1 0 0 0 1 0 0 0
 100.544 65.8876 2.0 9.0 0 0 0 0 0 0 0 0 0 0
 100.601 71.788 2.0 54.0 0 0 1 0 0 0 0 0 0 0
 100.622 25.0507 2.0 18.0 1 0 0 0 0 0 0 0 0 0
 100.631 33.3454 2.0 288.0 1 0 0 0 1 0 0 0 0 0
 100.679 77.2386 2.0 0.0 0 0 0 1 0 0 0 0 0 0
 100.679 77.2386 2.0 9.0 0 0 0 1 0 0 0 0 0 0
 100.723 29.752 2.0 234.0 1 1 0 0 0 0 0 0 0 0
 100.924 35.4243 2.0 198.0 0 0 1 0 0 0 0 0 0 1
 100.924 35.4243 2.0 207.0 0 0 1 0 0 0 0 0 0 1
 100.924 35.4243 2.0 216.0 0 0 1 0 0 0 0 0 0 1
 100.924 35.4243 2.0 225.0 0 0 1 0 0 0 0 0 0 1
 100.924 35.4243 2.0 234.0 0 0 1 0 0 0 0 0 0 1
 100.924 35.4243 2.0 243.0 0 0 1 0 0 0 0 0 0 1
 100.924 35.4243 2.0 252.0 0 0 1 0 0 0 0 0 0 1
 100.924 35.4243 2.0 261.0 0 0 1 0 0 0 0 0 0 1
 100.924 35.4243 2.0 270.0 0 0 1 0 0 0 0 0 0 1
 101.084 77.7181 2.0 27.0 0 0 1 0 0 0 0 0 0 0
 101.227 73.4156 2.0 27.0 0 1 0 0 0 0 0 0 1 0
 101.315 32.955 2.0 279.0 0 0 1 0 0 0 0 0 0 1
 101.395 22.673 2.0 18.0 0 0 1 0 0 0 0 0 0 0
 101.403 30.9677 2.0 288.0 1 0 0 0 1 0 0 0 0 0
 101.455 30.5785 2.0 198.0 0 0 0 0 0 0 0 0 0 1
 101.706 30.4858 2.0 279.0 0 0 1 0 0 0 0 0 0 1
 101.899 70.6687 2.0 45.0 0 1 0 0 0 0 0 0 1 0
 102.071 73.8106 2.0 54.0 0 0 1 0 0 0 0 0 0 0
 102.097 28.0166 2.0 279.0 0 0 1 0 0 0 0 0 0 1
 102.097 28.0166 2.0 288.0 0 0 1 0 0 0 0 0 0 1
 102.097 28.0166 2.0 297.0 0 0 1 0 0 0 0 0 0 1
 102.097 28.0166 2.0 306.0 0 0 1 0 0 0 0 0 0 1
 102.097 28.0166 2.0 315.0 0 0 1 0 0 0 0 0 0 1
 102.097 28.0166 2.0 324.0 0 0 1 0 0 0 0 0 0 1
 102.097 28.0166 2.0 333.0 0 0 1 0 0 0 0 0 0 1
 102.167 20.2954 2.0 18.0 0 0 1 0 0 0 0 0 0 0
 102.176 28.5901 2.0 288.0 1 0 0 0 1 0 0 0 0 0
 102.193 31.7745 2.0 189.0 1 1 0 0 0 0 0 0 0 0
 102.193 31.7745 2.0 198.0 1 1 0 0 0 0 0 0 0 0
 102.193 31.7745 2.0 207.0 1 1 0 0 0 0 0 0 0 0
 102.193 31.7745 2.0 216.0 1 1 0 0 0 0 0 0 0 0
 102.193 31.7745 2.0 225.0 1 1 0 0 0 0 0 0 0 0
 102.219 75.4906 2.0 27.0 0 0 1 0 0 0 0 0 0 0
 102.243 32.2385 2.0 198.0 0 0 1 0 0 0 1 0 0 0
 102.243 32.2385 2.0 207.0 0 0 1 0 0 0 1 0 0 0
 102.243 32.2385 2.0 216.0 0 0 1 0 0 0 1 0 0 0
 102.243 32.2385 2.0 225.0 0 0 1 0 0 0 1 0 0 0
 102.243 32.2385 2.0 234.0 0 0 1 0 0 0 1 0 0 0
 102.243 32.2385 2.0 243.0 0 0 1 0 0 0 1 0 0 0
 102.243 32.2385 2.0 252.0 0 0 1 0 0 0 1 0 0 0
 102.243 32.2385 2.0 261.0 0 0 1 0 0 0 1 0 0 0
 102.243 32.2385 2.0 270.0 0 0 1 0 0 0 1 0 0 0
 102.243 32.2385 2.0 279.0 0 0 1 0 0 0 1 0 0 0
 102.243 32.2385 2.0 288.0 0 0 1 0 0 0 1 0 0 0
 102.243 32.2385 2.0 297.0 0 0 1 0 0 0 1 0 0 0
 102.243 32.2385 2.0 306.0 0 0 1 0 0 0 1 0 0 0
 102.327 36.1141 2.0 189.0 1 0 0 0 1 0 0 0 0 0
 102.54 24.1618 2.0 342.0 1 0 0 0 0 0 0 0 0 0
 102.721 69.2678 2.0 108.0 0 1 1 1 0 0 0 0 0 0
 102.721 69.2678 2.0 117.0 0 1 1 1 0 0 0 0 0 0
 102.721 69.2678 2.0 126.0 0 1 1 1 0 0 0 0 0 0
 102.721 69.2678 2.0 18.0 0 1 1 1 0 0 0 0 0 0
 102.721 69.2678 2.0 27.0 0 1 1 1 0 0 0 0 0 0
 102.721 69.2678 2.0 36.0 0 1 1 1 0 0 0 0 0 0
 102.721 69.2678 2.0 45.0 0 1 1 1 0 0 0 0 0 0
 102.721 69.2678 2.0 54.0 0 1 1 1 0 0 0 0 0 0
 102.721 69.2678 2.0 63.0 0 1 1 1 0 0 0 0 0 0
 102.721 69.2678 2.0 72.0 0 1 1 1 0 0 0 0 0 0
 102.721 69.2678 2.0 81.0 0 1 1 1 0 0 0 0 0 0
 102.721 69.2678 2.0 90.0 0 1 1 1 0 0 0 0 0 0
 102.721 69.2678 2.0 99.0 0 1 1 1 0 0 0 0 0 0
 102.864 22.9823 2.0 351.0 0 0 1 0 0 0 1 0 0 0
 102.94 17.9177 2.0 18.0 0 0 1 0 0 0 0 0 0 0
 102.948 26.2124 2.0 288.0 1 0 0 0 1 0 0 0 0 0
 103.013 66.2786 2.0 18.0 0 0 0 0 0 0 0 0 0 0
 103.013 66.2786 2.0 27.0 0 0 0 0 0 0 0 0 0 0
 103.013 66.2786 2.0 36.0 0 0 0 0 0 0 0 0 0 0
 103.013 66.2786 2.0 45.0 0 0 0 0 0 0 0 0 0 0
 103.013 66.2786 2.0 54.0 0 0 0 0 0 0 0 0 0 0
 103.013 66.2786 2.0 63.0 0 0 0 0 0 0 0 0 0 0
 103.013 66.2786 2.0 72.0 0 0 0 0 0 0 0 0 0 0
 103.013 66.2786 2.0 81.0 0 1 0 0 0 0 0 0 0 0
 103.013 66.2786 2.0 9.0 0 0 0 0 0 0 0 0 0 0
 103.013 68.7786 2.0 90.0 0 1 0 0 0 0 0 0 0 0
 103.013 71.2786 2.0 90.0 0 1 0 0 0 0 0 0 0 0
 103.013 73.7786 2.0 90.0 0 1 0 0 0 0 0 0 0 0
 103.013 76.2786 2.0 90.0 0 1 0 0 0 0 0 0 0 0
 103.013 78.7786 2.0 90.0 0 1 0 0 0 0 0 0 0 0
 103.057 78.0112 2.0 18.0 0 0 0 1 0 0 0 0 0 0
 103.301 36.1968 2.0 198.0 0 0 1 0 0 0 0 0 0 1
 103.311 78.8531 2.0 27.0 0 0 1 0 0 0 0 0 0 0
 103.354 73.2631 2.0 27.0 0 0 1 0 0 0 0 0 0 0
 103.454 74.5505 2.0 27.0 0 1 0 0 0 0 0 0 1 0
 103.667 72.4365 2.0 45.0 0 1 0 0 0 0 0 0 1 0
 103.721 23.8348 2.0 288.0 1 0 0 0 1 0 0 0 0 0
 103.832 31.351 2.0 198.0 0 0 0 0 0 0 0 0 0 1
 103.838 75.5783 2.0 45.0 0 1 1 0 0 0 0 0 0 0
 104.039 35.6325 2.0 189.0 1 0 0 0 1 0 0 0 0 1
 104.039 35.6325 2.0 198.0 1 0 0 0 1 0 0 0 0 1
 104.039 35.6325 2.0 207.0 1 0 0 0 0 0 0 0 0 0
 104.039 35.6325 2.0 216.0 1 0 0 0 0 0 0 0 0 0
 104.039 35.6325 2.0 225.0 1 0 0 0 0 0 0 0 0 0
 104.039 35.6325 2.0 234.0 1 0 0 0 0 0 0 0 0 0
 104.039 35.6325 2.0 243.0 1 0 0 0 0 0 0 0 0 0
 104.039 35.6325 2.0 252.0 1 0 0 0 0 0 0 0 0 0
 104.039 35.6325 2.0 261.0 1 0 0 0 0 0 0 0 0 0
 104.039 35.6325 2.0 270.0 1 0 0 0 0 0 0 0 0 0
 104.43 33.1633 2.0 279.0 1 0 0 0 0 0 0 0 0 0
 104.474 27.244 2.0 342.0 0 0 1 0 0 0 0 0 0 1
 104.489 71.0355 2.0 108.0 0 1 0 0 1 0 0 0 0 0
 104.489 71.0355 2.0 117.0 0 1 0 0 1 0 0 0 0 0
 104.489 71.0355 2.0 126.0 0 1 0 0 1 0 0 0 0 0
 104.489 71.0355 2.0 135.0 0 1 1 1 0 0 0 0 0 0
 104.489 71.0355 2.0 18.0 0 0 1 0 0 0 0 0 0 0
 104.489 71.0355 2.0 27.0 0 0 1 0 0 0 0 0 0 0
 104.489 71.0355 2.0 36.0 0 0 1 0 0 0 0 0 0 0
 104.489 71.0355 2.0 45.0 0 0 1 0 0 0 0 0 0 0
 104.489 71.0355 2.0 54.0 0 0 1 0 0 0 0 0 0 0
 104.489 71.0355 2.0 63.0 0 1 0 0 1 0 0 0 0 0
 104.489 71.0355 2.0 72.0 0 1 0 0 1 0 0 0 0 0
 104.489 71.0355 2.0 81.0 0 1 0 0 1 0 0 0 0 0
 104.489 71.0355 2.0 9.0 0 0 1 0 0 0 0 0 0 0
 104.489 71.0355 2.0 90.0 0 1 0 0 1 0 0 0 0 0
 104.489 71.0355 2.0 99.0 0 1 0 0 1 0 0 0 0 0
 104.493 21.4572 2.0 288.0 1 0 0 0 1 0 0 0 0 0
 104.621 33.011 2.0 198.0 0 0 1 0 0 0 1 0 0 0
 104.662 32.1656 2.0 189.0 1 1 0 0 0 0 0 0 0 0
 104.797 36.5052 2.0 189.0 1 0 0 0 1 0 0 0 0 0
 104.821 30.6941 2.0 279.0 1 0 0 0 0 0 0 0 0 0
 104.917 23.3893 2.0 342.0 1 0 0 0 0 0 0 0 0 0
 105.212 28.2249 2.0 279.0 1 0 0 0 0 0 0 0 0 0
 105.266 19.0795 2.0 288.0 1 0 0 0 1 0 0 0 0 0
 105.266 19.0795 2.0 297.0 1 0 0 0 1 0 0 0 0 0
 105.266 19.0795 2.0 306.0 1 0 1 1 1 0 0 0 0 0
 105.266 19.0795 2.0 315.0 1 0 1 1 1 0 0 0 0 0
 105.266 19.0795 2.0 324.0 1 0 1 1 1 0 0 0 0 0
 105.266 19.0795 2.0 333.0 1 0 1 1 1 0 0 0 0 0
 105.266 19.0795 2.0 342.0 1 0 1 1 1 0 0 0 0 0
 105.266 19.0795 2.0 351.0 1 0 1 1 1 0 0 0 0 0
 105.266 19.0795 2.0 360.0 1 0 1 1 1 0 0 0 0 0
 105.266 19.0795 2.0 9.0 1 0 1 1 1 0 0 0 0 0
 105.317 18.6903 2.0 18.0 0 0 1 0 0 0 0 0 0 0
 105.333 22.5912 2.0 351.0 0 0 1 0 0 0 1 0 0 0
 105.434 74.2043 2.0 45.0 0 1 0 0 0 0 0 0 1 0
 105.434 78.7837 2.0 18.0 0 0 0 1 0 0 0 0 0 0
 105.513 78.7786 2.0 90.0 0 1 0 0 0 0 0 0 0 0
 105.539 79.9881 2.0 27.0 0 0 1 0 0 0 0 0 0 0
 105.603 25.7557 2.0 279.0 1 0 0 0 0 0 0 0 0 0
 105.603 25.7557 2.0 288.0 1 0 0 0 0 0 0 0 0 0
 105.603 25.7557 2.0 297.0 1 0 0 0 0 0 0 0 0 0
 105.603 25.7557 2.0 306.0 1 0 0 0 0 0 0 0 0 0
 105.603 25.7557 2.0 315.0 1 0 0 0 0 0 0 0 0 0
 105.603 25.7557 2.0 324.0 1 0 0 0 0 0 0 0 0 0
 105.603 25.7557 2.0 333.0 1 0 0 0 0 0 0 0 0 0
 105.603 25.7557 2.0 342.0 1 0 0 1 0 0 0 0 0 1
 105.606 77.3461 2.0 36.0 0 1 1 0 0 0 0 0 0 0
 105.606 77.3461 2.0 45.0 0 1 1 0 0 0 0 0 0 0
 105.679 36.9693 2.0 198.0 0 0 1 0 0 0 0 0 0 1
 105.832 75.3231 2.0 18.0 0 1 0 0 0 0 0 0 1 0
 106.21 32.1236 2.0 198.0 0 0 0 0 0 0 0 0 0 1
 106.508 36.0236 2.0 189.0 1 0 0 0 1 0 0 0 0 1
 106.852 26.4715 2.0 342.0 0 0 1 0 0 0 0 0 0 1
 106.998 33.7835 2.0 198.0 0 0 1 0 0 0 1 0 0 0
 107.131 32.5567 2.0 189.0 1 1 0 0 0 0 0 0 0 0
 107.202 75.972 2.0 45.0 0 1 0 0 0 0 0 0 1 0
 107.266 36.8963 2.0 189.0 1 0 0 0 1 0 0 0 0 0
 107.295 22.6167 2.0 342.0 1 0 0 0 0 0 0 0 0 0
 107.644 19.8521 2.0 18.0 1 0 1 1 1 0 0 0 0 0
 107.695 19.4628 2.0 18.0 0 0 1 0 0 0 0 0 0 0
 107.766 81.123 2.0 27.0 0 0 1 0 0 0 0 0 0 0
 107.802 22.2001 2.0 351.0 0 0 1 0 0 0 1 0 0 0
 107.812 79.5563 2.0 18.0 0 1 1 0 0 0 0 0 0 0
 107.834 78.4811 2.0 27.0 0 1 1 0 0 0 0 0 0 0
 108.013 78.7786 2.0 90.0 0 1 0 0 0 0 0 0 0 0
 108.056 37.7419 2.0 198.0 0 0 1 0 0 0 0 0 0 1
 108.073 25.3646 2.0 351.0 1 0 0 1 0 0 0 0 0 1
 108.21 76.0956 2.0 18.0 0 1 0 0 0 0 0 0 1 0
 108.587 32.8961 2.0 198.0 0 0 0 0 0 0 0 0 0 1
 108.901 78.8955 2.0 27.0 0 0 1 0 0 0 0 0 0 0
 108.97 74.2043 2.0 36.0 0 1 0 0 0 0 0 0 1 0
 108.97 74.2043 2.0 45.0 0 1 0 0 0 0 0 0 1 0
 108.977 36.4147 2.0 189.0 1 0 0 0 1 0 0 0 0 1
 109.23 25.699 2.0 342.0 0 0 1 0 0 0 0 0 0 1
 109.23 25.699 2.0 351.0 0 0 1 0 0 0 0 0 0 1
 109.376 34.5561 2.0 198.0 0 0 1 0 0 0 1 0 0 0
 109.6 32.9478 2.0 189.0 1 1 0 0 0 0 0 0 0 0
 109.673 21.8442 2.0 342.0 1 0 0 0 0 0 0 0 0 0
 109.735 37.2874 2.0 189.0 1 0 0 0 1 0 0 0 0 0
 110.061 79.6161 2.0 27.0 1 1 0 0 0 0 0 0 0 0
 110.073 20.2354 2.0 18.0 0 0 1 0 0 0 0 0 0 0
 110.113 20.2431 2.0 9.0 1 0 1 1 1 0 0 0 0 0
 110.19 80.3288 2.0 18.0 0 1 1 0 0 0 0 0 0 0
 110.271 21.809 2.0 351.0 0 0 1 0 0 0 1 0 0 0
 110.434 38.5144 2.0 198.0 0 0 1 0 0 0 0 0 0 1
 110.513 78.7786 2.0 90.0 0 1 0 0 0 0 0 0 0 0
 110.542 24.9735 2.0 351.0 1 0 0 1 0 0 0 0 0 1
 110.587 76.8682 2.0 18.0 0 1 0 0 0 0 0 0 1 0
 110.965 33.6687 2.0 198.0 0 0 0 0 0 0 0 0 0 1
 111.129 80.0305 2.0 27.0 0 0 1 0 0 0 0 0 0 0
 111.197 75.3392 2.0 27.0 0 1 0 0 0 0 0 0 1 0
 111.447 36.8058 2.0 189.0 1 0 0 0 1 0 0 0 0 1
 111.73 25.699 2.0 360.0 0 0 1 0 0 0 0 0 0 1
 111.754 35.3286 2.0 198.0 0 0 1 0 0 0 1 0 0 0
 112.05 21.0716 2.0 342.0 1 0 0 0 0 0 0 0 0 0
 112.05 21.0716 2.0 351.0 1 0 0 0 0 0 0 0 0 0
 112.07 33.3389 2.0 198.0 1 1 0 0 0 0 0 0 0 0
 112.07 33.3389 2.0 207.0 1 1 0 0 0 0 0 0 0 0
 112.204 37.6784 2.0 189.0 1 0 0 0 1 0 0 0 0 0
 112.289 80.751 2.0 18.0 1 1 0 0 0 0 0 0 0 0
 112.289 80.751 2.0 27.0 1 1 0 0 0 0 0 0 0 0
 112.45 21.0079 2.0 18.0 0 0 1 0 0 0 0 0 0 0
 112.567 81.1014 2.0 18.0 0 1 1 0 0 0 0 0 0 0
 112.582 20.6342 2.0 9.0 1 0 1 1 1 0 0 0 0 0
 112.741 21.418 2.0 351.0 0 0 1 0 0 0 1 0 0 0
 112.812 39.287 2.0 198.0 0 0 1 0 0 0 0 0 0 1
 113.011 24.5824 2.0 351.0 1 0 0 1 0 0 0 0 0 1
 113.013 78.7786 2.0 90.0 0 1 0 0 0 0 0 0 0 0
 113.056 77.2592 2.0 9.0 0 1 0 0 0 0 0 0 1 0
 113.343 34.4412 2.0 198.0 0 0 0 0 0 0 0 0 0 1
 113.356 81.1655 2.0 18.0 0 1 0 0 1 0 0 0 0 0
 113.356 81.1655 2.0 27.0 0 0 1 0 0 0 0 0 0 0
 113.425 76.4742 2.0 27.0 0 1 0 0 0 0 0 0 1 0
 113.916 37.1969 2.0 189.0 1 0 0 0 1 0 0 0 0 1
 114.131 36.1012 2.0 198.0 0 0 1 0 0 0 1 0 0 0
 114.23 25.699 2.0 360.0 0 0 1 0 0 0 0 0 0 1
 114.297 34.4738 2.0 207.0 1 1 0 0 0 0 0 0 0 0
 114.55 21.0716 2.0 360.0 1 0 0 0 0 0 0 0 0 0
 114.674 38.0695 2.0 189.0 1 0 0 0 1 0 0 0 0 0
 114.758 81.1421 2.0 9.0 1 1 0 0 0 0 0 0 0 0
 114.828 21.7804 2.0 18.0 0 0 1 0 0 0 0 0 0 0
 114.945 81.8739 2.0 18.0 0 1 1 0 0 0 0 0 0 0
 115.051 21.0253 2.0 9.0 1 0 1 1 1 0 0 0 0 0
 115.189 40.0595 2.0 198.0 0 0 1 0 0 0 0 0 0 1
 115.21 21.0269 2.0 351.0 0 0 1 0 0 0 1 0 0 0
 115.48 24.1913 2.0 351.0 1 0 0 1 0 0 0 0 0 1
 115.513 78.7786 2.0 90.0 0 1 0 0 0 0 0 0 0 0
 115.526 77.6503 2.0 9.0 0 1 0 0 0 0 0 0 1 0
 115.652 77.6092 2.0 27.0 0 1 0 0 0 0 0 0 1 0
 115.72 35.2137 2.0 198.0 0 0 0 0 0 0 0 0 0 1
 115.826 81.5566 2.0 9.0 0 1 0 0 1 0 0 0 0 0
 116.385 37.588 2.0 189.0 1 0 0 0 1 0 0 0 0 1
 116.509 36.8737 2.0 198.0 0 0 1 0 0 0 1 0 0 0
 116.525 35.6088 2.0 207.0 1 1 0 0 0 0 0 0 0 0
 116.73 25.699 2.0 360.0 0 0 1 0 0 0 0 0 0 1
 117.05 21.0716 2.0 360.0 1 0 0 0 0 0 0 0 0 0
 117.143 38.4606 2.0 189.0 1 0 0 0 1 0 0 0 0 0
 117.205 22.553 2.0 18.0 0 0 1 0 0 0 0 0 0 0
 117.227 81.5332 2.0 9.0 1 1 0 0 0 0 0 0 0 0
 117.323 82.6465 2.0 18.0 0 1 1 0 0 0 0 0 0 0
 117.521 21.4164 2.0 9.0 1 0 1 1 1 0 0 0 0 0
 117.567 40.832 2.0 198.0 0 0 1 0 0 0 0 0 0 1
 117.679 20.6358 2.0 351.0 0 0 1 0 0 0 1 0 0 0
 117.88 78.7442 2.0 27.0 0 1 0 0 0 0 0 0 1 0
 117.949 23.8002 2.0 351.0 1 0 0 1 0 0 0 0 0 1
 117.995 78.0414 2.0 9.0 0 1 0 0 0 0 0 0 1 0
 118.013 78.7786 2.0 90.0 0 1 0 0 0 0 0 0 0 0
 118.098 35.9863 2.0 198.0 0 0 0 0 0 0 0 0 0 1
 118.295 81.9476 2.0 9.0 0 1 0 0 1 0 0 0 0 0
 118.752 36.7438 2.0 207.0 1 1 0 0 0 0 0 0 0 0
 118.854 37.9791 2.0 189.0 1 0 0 0 1 0 0 0 0 1
 118.887 37.6462 2.0 198.0 0 0 1 0 0 0 1 0 0 0
 119.23 25.699 2.0 360.0 0 0 1 0 0 0 0 0 0 1
 119.55 21.0716 2.0 360.0 1 0 0 0 0 0 0 0 0 0
 119.583 23.3255 2.0 18.0 0 0 1 0 0 0 0 0 0 0
 119.612 38.8517 2.0 189.0 1 0 0 0 1 0 0 0 0 0
 119.696 81.9243 2.0 9.0 1 1 0 0 0 0 0 0 0 0
 119.7 83.419 2.0 18.0 0 1 1 0 0 0 0 0 0 0
 119.7 83.419 2.0 9.0 0 1 1 0 0 0 0 0 0 0
 119.945 41.6046 2.0 198.0 0 0 1 0 0 0 0 0 0 1
 119.99 21.8075 2.0 9.0 1 0 1 1 1 0 0 0 0 0
 120.107 79.8792 2.0 0.0 0 1 0 0 0 0 0 0 0 0
 120.107 79.8792 2.0 18.0 0 1 0 0 0 0 0 0 0 0
 120.107 79.8792 2.0 27.0 0 1 0 0 0 0 0 0 0 0
 120.107 79.8792 2.0 27.0 0 1 0 0 0 0 0 0 1 0
 120.107 79.8792 2.0 351.0 0 1 0 0 0 0 0 0 0 0
 120.107 79.8792 2.0 9.0 0 1 0 0 0 0 0 0 0 0
 120.148 20.2447 2.0 351.0 0 0 1 0 0 0 1 0 0 0
 120.419 23.4091 2.0 351.0 1 0 0 1 0 0 0 0 0 1
 120.464 78.4325 2.0 9.0 0 1 0 0 0 0 0 0 1 0
 120.476 36.7588 2.0 198.0 0 0 0 0 0 0 0 0 0 1
 120.513 78.7786 2.0 90.0 0 1 0 0 0 0 0 0 0 0
 120.764 82.3387 2.0 9.0 0 1 0 0 1 0 0 0 0 0
 120.98 37.8788 2.0 207.0 1 1 0 0 0 0 0 0 0 0
 121.264 38.4188 2.0 198.0 0 0 1 0 0 0 1 0 0 0
 121.324 38.3701 2.0 189.0 1 0 0 0 1 0 0 0 0 1
 121.73 25.699 2.0 360.0 0 0 1 0 0 0 0 0 0 1
 121.961 24.0981 2.0 18.0 0 0 1 0 0 0 0 0 0 0
 122.05 21.0716 2.0 360.0 1 0 0 0 0 0 0 0 0 0
 122.081 39.2428 2.0 189.0 0 1 0 0 1 0 0 0 0 0
 122.165 82.3154 2.0 0.0 1 1 0 0 0 0 0 0 0 0
 122.165 82.3154 2.0 351.0 1 1 0 0 0 0 0 0 0 0
 122.165 82.3154 2.0 9.0 1 1 0 0 0 0 0 0 0 0
 122.2 83.419 2.0 0.0 0 1 1 0 0 0 0 0 0 0
 122.322 42.3771 2.0 198.0 0 0 1 0 0 0 0 0 0 1
 122.459 22.1986 2.0 9.0 1 0 1 1 1 0 0 0 0 0
 122.485 79.1066 2.0 342.0 0 1 0 0 0 0 0 0 0 0
 122.618 19.8536 2.0 351.0 0 0 1 0 0 0 1 0 0 0
 122.853 37.5314 2.0 198.0 0 0 0 0 0 0 0 0 0 1
 122.888 23.018 2.0 351.0 1 0 0 1 0 0 0 0 0 1
 122.933 78.8236 2.0 9.0 0 1 0 0 0 0 0 0 1 0
 123.013 78.7786 2.0 90.0 0 1 0 0 0 0 0 0 0 0
 123.207 39.0137 2.0 207.0 1 1 0 0 0 0 0 0 0 0
 123.233 82.7298 2.0 9.0 0 1 0 0 1 0 0 0 0 0
 123.642 39.1913 2.0 198.0 0 0 1 0 0 0 1 0 0 0
 123.793 38.7612 2.0 189.0 1 0 0 0 1 0 0 0 0 1
 124.23 25.699 2.0 360.0 0 0 1 0 0 0 0 0 0 1
 124.338 24.8706 2.0 18.0 0 0 1 0 0 0 0 0 0 0
 124.543 81.5428 2.0 342.0 1 1 0 0 0 0 0 0 0 0
 124.55 21.0716 2.0 360.0 1 0 0 0 0 0 0 0 0 0
 124.55 39.6339 2.0 189.0 0 1 0 0 1 0 0 0 0 0
 124.7 43.1497 2.0 198.0 0 0 1 0 0 0 0 0 0 1
 124.7 83.419 2.0 0.0 0 1 1 0 0 0 0 0 0 0
 124.863 78.3341 2.0 342.0 0 1 0 0 0 0 0 0 0 0
 124.928 22.5897 2.0 9.0 1 0 1 1 1 0 0 0 0 0
 125.087 19.4625 2.0 351.0 0 0 1 0 0 0 1 0 0 0
 125.231 38.3039 2.0 198.0 0 0 0 0 0 0 0 0 0 1
 125.357 22.627 2.0 351.0 1 0 0 1 0 0 0 0 0 1
 125.403 79.2147 2.0 9.0 0 1 0 0 0 0 0 0 1 0
 125.435 40.1487 2.0 207.0 1 1 0 0 0 0 0 0 0 0
 125.513 78.7786 2.0 90.0 0 1 0 0 0 0 0 0 0 0
 125.702 83.1209 2.0 9.0 0 1 0 0 1 0 0 0 0 0
 126.019 39.9639 2.0 198.0 0 0 1 0 0 0 1 0 0 0
 126.262 39.1523 2.0 189.0 1 0 0 0 1 0 0 0 0 1
 126.716 25.6432 2.0 18.0 1 0 0 0 0 0 0 0 1 0
 126.73 25.699 2.0 360.0 0 0 1 0 0 0 0 0 0 1
 126.921 80.7703 2.0 342.0 1 1 0 0 0 0 0 0 0 0
 127.02 40.025 2.0 189.0 0 1 0 0 1 0 0 0 0 0
 127.05 21.0716 2.0 360.0 1 0 0 0 0 0 0 0 0 0
 127.078 43.9222 2.0 198.0 0 0 1 0 0 0 0 0 0 1
 127.2 83.419 2.0 0.0 0 1 1 0 0 0 0 0 0 0
 127.24 77.5615 2.0 342.0 0 1 0 0 0 0 0 0 0 0
 127.397 22.9808 2.0 9.0 1 0 1 1 1 0 0 0 0 0
 127.556 19.0714 2.0 351.0 0 0 1 0 0 0 1 0 0 0
 127.609 39.0764 2.0 207.0 0 0 0 0 0 0 0 0 0 1
 127.662 41.2837 2.0 207.0 1 1 0 0 0 0 0 0 0 0
 127.826 22.2359 2.0 351.0 1 0 0 1 0 0 0 0 0 1
 127.872 79.6057 2.0 0.0 0 1 0 0 0 0 0 0 1 0
 127.872 79.6057 2.0 342.0 0 1 0 0 0 0 0 0 1 0
 127.872 79.6057 2.0 351.0 0 1 0 0 0 0 0 0 1 0
 127.872 79.6057 2.0 9.0 0 1 0 0 0 0 0 0 1 0
 128.013 78.7786 2.0 90.0 0 1 0 0 0 0 0 0 0 0
 128.172 83.512 2.0 9.0 0 1 0 0 1 0 0 0 0 0
 128.397 40.7364 2.0 198.0 0 0 1 0 0 0 1 0 0 0
 128.731 39.5434 2.0 189.0 1 0 0 0 1 0 0 0 0 1
 129.094 26.4157 2.0 18.0 1 0 0 0 0 0 0 0 1 0
 129.23 25.699 2.0 360.0 0 0 1 0 0 0 0 0 0 1
 129.298 79.9977 2.0 333.0 1 1 0 0 0 0 0 0 0 0
 129.298 79.9977 2.0 342.0 1 1 0 0 0 0 0 0 0 0
 129.455 44.6947 2.0 198.0 0 0 1 0 0 0 0 0 0 1
 129.489 40.416 2.0 189.0 0 1 0 0 1 0 0 0 0 0
 129.55 21.0716 2.0 360.0 1 0 0 0 0 0 0 0 0 0
 129.618 76.789 2.0 342.0 0 1 0 0 0 0 0 0 0 0
 129.7 83.419 2.0 0.0 0 1 1 0 0 0 0 0 0 0
 129.836 40.2114 2.0 207.0 0 0 0 0 0 0 0 0 0 1
 129.866 24.0381 2.0 18.0 1 0 0 0 0 0 0 0 1 0
 129.867 23.3718 2.0 9.0 1 0 1 1 1 0 0 0 0 0
 129.89 42.4187 2.0 207.0 1 1 0 0 0 0 0 0 0 0
 130.025 18.6804 2.0 351.0 0 0 1 0 0 0 1 0 0 0
 130.099 78.4708 2.0 333.0 0 1 0 0 0 0 0 0 1 0
 130.296 21.8448 2.0 351.0 1 0 0 1 0 0 0 0 0 1
 130.513 78.7786 2.0 90.0 0 1 0 0 0 0 0 0 0 0
 130.641 83.9031 2.0 9.0 0 1 0 0 1 0 0 0 0 0
 130.775 41.5089 2.0 207.0 0 0 1 0 0 0 1 0 0 0
 130.775 41.5089 2.0 216.0 0 0 1 0 0 0 1 0 0 0
 130.775 41.5089 2.0 225.0 0 0 1 0 0 0 1 0 0 0
 130.775 41.5089 2.0 234.0 0 0 1 0 0 0 1 0 0 0
 130.775 41.5089 2.0 243.0 0 0 1 0 0 0 1 0 0 0
 130.775 41.5089 2.0 252.0 0 0 1 0 0 0 1 0 0 0
 131.2 39.9345 2.0 171.0 1 0 0 0 1 0 0 0 0 1
 131.2 39.9345 2.0 180.0 1 0 0 0 1 0 0 0 0 1
 131.321 78.5283 2.0 324.0 1 1 0 0 0 0 0 0 0 0
 131.73 25.699 2.0 360.0 0 0 1 0 0 0 0 0 0 1
 131.833 45.4673 2.0 198.0 0 0 1 0 0 0 0 0 0 1
 131.958 40.8071 2.0 189.0 0 1 0 0 1 0 0 0 0 0
 131.996 76.0164 2.0 342.0 0 1 0 0 0 0 0 0 0 0
 132.05 21.0716 2.0 360.0 1 0 0 0 0 0 0 0 0 0
 132.064 41.3464 2.0 207.0 0 0 0 0 0 0 0 0 0 1
 132.117 43.5536 2.0 207.0 1 1 0 0 0 0 0 0 0 0
 132.2 83.419 2.0 0.0 0 1 1 0 0 0 0 0 0 0
 132.327 77.3358 2.0 315.0 0 1 0 0 0 0 0 0 1 0
 132.327 77.3358 2.0 324.0 0 1 0 0 0 0 0 0 1 0
 132.327 77.3358 2.0 333.0 0 1 0 0 0 0 0 0 1 0
 132.335 24.4291 2.0 9.0 1 0 0 0 0 0 0 0 1 0
 132.336 23.7629 2.0 9.0 1 0 1 1 1 0 0 0 0 0
 132.495 18.2893 2.0 351.0 0 0 1 0 0 0 1 0 0 0
 132.765 21.4537 2.0 351.0 1 0 0 1 0 0 0 0 0 1
 133.013 78.7786 2.0 90.0 0 1 0 0 0 0 0 0 0 0
 133.11 84.2941 2.0 9.0 0 1 0 0 1 0 0 0 0 0
 133.152 40.7364 2.0 252.0 0 0 1 0 0 0 1 0 0 0
 133.343 77.0588 2.0 324.0 1 1 0 0 0 0 0 0 0 0
 133.67 39.5434 2.0 180.0 1 0 0 0 1 0 0 0 0 1
 133.67 39.5434 2.0 189.0 1 0 0 0 1 0 0 0 0 1
 133.67 39.5434 2.0 198.0 1 0 0 0 1 0 0 0 0 1
 133.67 39.5434 2.0 207.0 1 0 0 0 1 0 0 0 0 1
 133.67 39.5434 2.0 216.0 1 0 0 0 1 0 0 0 0 1
 133.67 39.5434 2.0 225.0 1 0 0 0 1 0 0 0 0 1
 133.796 75.3132 2.0 306.0 0 1 0 0 0 0 0 0 1 0
 133.925 43.114 2.0 252.0 0 0 1 0 0 0 1 0 0 0
 134.21 46.2398 2.0 198.0 0 0 1 0 0 0 0 0 0 1
 134.23 25.699 2.0 360.0 0 0 1 0 0 0 0 0 0 1
 134.291 42.4814 2.0 207.0 0 0 0 0 0 0 0 0 0 1
 134.345 44.6886 2.0 207.0 1 1 0 0 0 0 0 0 0 0
 134.373 75.2439 2.0 342.0 0 1 0 0 0 0 0 0 0 0
 134.427 41.1982 2.0 189.0 0 1 0 0 1 0 0 0 0 0
 134.55 21.0716 2.0 360.0 1 0 0 0 0 0 0 0 0 0
 134.697 45.4917 2.0 252.0 0 0 1 0 0 0 1 0 0 0
 134.7 83.419 2.0 0.0 0 1 1 0 0 0 0 0 0 0
 134.7 83.419 2.0 306.0 0 1 0 0 0 0 0 0 0 1
 134.7 83.419 2.0 315.0 0 1 0 0 0 0 0 0 0 1
 134.7 83.419 2.0 324.0 0 0 0 1 0 0 0 0 0 0
 134.7 83.419 2.0 333.0 0 0 0 1 0 0 0 0 0 0
 134.7 83.419 2.0 342.0 0 0 0 1 0 0 0 0 0 0
 134.7 83.419 2.0 351.0 0 0 0 1 0 0 0 0 0 0
 134.805 24.154 2.0 9.0 1 0 1 1 1 0 0 0 0 0
 134.805 24.8202 2.0 9.0 1 0 0 0 0 0 0 0 1 0
 134.964 17.8982 2.0 351.0 0 0 1 0 0 0 1 0 0 0
 135.008 142.72 2.0 99.0 0 1 0 0 0 0 0 1 0 1
 135.008 145.22 2.0 90.0 0 1 0 0 0 0 0 1 0 1
 135.008 147.72 2.0 90.0 0 1 0 0 0 0 0 1 0 1
 135.008 150.22 2.0 90.0 0 1 0 0 0 0 0 1 0 1
 135.008 152.72 2.0 90.0 0 1 0 0 0 0 0 1 0 1
 135.008 155.22 2.0 90.0 0 1 0 0 0 0 0 1 0 1
 135.008 157.72 2.0 27.0 0 1 0 0 0 0 0 1 0 1
 135.008 157.72 2.0 36.0 0 1 0 0 0 0 0 1 0 1
 135.008 157.72 2.0 45.0 0 1 0 0 0 0 0 1 0 1
 135.008 157.72 2.0 54.0 0 1 0 0 0 0 0 1 0 1
 135.008 157.72 2.0 63.0 0 1 0 0 0 0 0 1 0 1
 135.008 157.72 2.0 72.0 0 1 0 0 0 0 0 1 0 1
 135.008 157.72 2.0 81.0 0 1 0 0 0 0 0 1 0 1
 135.008 157.72 2.0 90.0 0 1 0 0 0 0 0 1 0 1
 135.195 157.193 2.0 45.0 1 0 1 0 0 0 1 0 0 0
 135.195 157.193 2.0 54.0 1 0 1 0 0 0 1 0 0 0
 135.195 157.193 2.0 63.0 1 0 1 0 0 0 1 0 0 0
 135.195 157.193 2.0 72.0 1 0 1 0 0 0 1 0 0 0
 135.195 157.193 2.0 81.0 1 0 1 0 0 0 1 0 0 0
 135.195 157.193 2.0 90.0 1 0 1 0 0 0 1 0 0 0
 135.195 157.193 2.0 99.0 1 0 1 0 0 0 1 0 0 0
 135.234 21.0626 2.0 351.0 1 0 0 1 0 0 0 0 0 1
 135.266 73.2907 2.0 297.0 0 1 0 0 0 0 0 0 1 0
 135.266 73.2907 2.0 306.0 0 1 0 0 0 0 0 0 1 0
 135.366 75.5894 2.0 306.0 1 1 0 0 0 0 0 0 0 0
 135.366 75.5894 2.0 315.0 1 1 0 0 0 0 0 0 0 0
 135.366 75.5894 2.0 324.0 1 1 0 0 0 0 0 0 0 0
 135.399 140.251 2.0 99.0 0 1 0 0 0 0 0 1 0 1
 135.437 41.3112 2.0 225.0 1 0 0 0 1 0 0 0 0 1
 135.47 47.8693 2.0 252.0 0 0 1 0 0 0 1 0 0 0
 135.513 78.7786 2.0 90.0 0 1 0 0 0 0 0 0 0 0
 135.579 84.6852 2.0 9.0 0 1 0 0 1 0 0 0 0 0
 135.586 154.723 2.0 99.0 1 0 1 0 0 0 1 0 0 0
 135.791 137.781 2.0 99.0 0 1 0 0 0 0 0 1 0 1
 135.835 81.1915 2.0 297.0 0 1 0 0 0 0 0 0 0 1
 135.97 67.216 2.0 270.0 0 0 1 0 0 0 0 0 0 1
 135.97 69.716 2.0 270.0 0 0 1 0 0 0 0 0 0 1
 135.97 72.216 2.0 270.0 0 0 1 0 0 0 0 0 0 1
 135.97 74.716 2.0 270.0 0 0 1 0 0 0 0 0 0 1
 135.97 77.216 2.0 270.0 0 0 1 0 0 0 0 0 0 1
 135.97 79.716 2.0 270.0 0 0 1 0 0 0 0 0 0 1
 135.97 82.216 2.0 0.0 0 1 0 0 1 0 0 0 0 0
 135.97 82.216 2.0 279.0 0 0 1 0 0 0 0 0 0 1
 135.97 82.216 2.0 288.0 0 0 1 0 0 0 0 0 0 1
 135.97 82.216 2.0 297.0 0 0 1 0 0 0 0 0 0 1
 135.97 82.216 2.0 306.0 0 0 1 0 0 0 0 0 0 1
 135.97 82.216 2.0 315.0 0 0 1 0 0 0 0 0 0 1
 135.97 82.216 2.0 324.0 0 0 1 0 0 0 0 0 0 1
 135.97 82.216 2.0 333.0 0 0 1 0 0 0 0 0 0 1
 135.97 82.216 2.0 342.0 0 0 1 0 0 0 0 0 0 1
 135.97 82.216 2.0 351.0 0 1 0 0 1 0 0 0 0 0
 135.97 82.216 2.0 9.0 0 1 0 0 1 0 0 0 0 0
 135.977 152.254 2.0 99.0 1 0 1 0 0 0 1 0 0 0
 136.038 70.9131 2.0 288.0 0 1 0 0 0 0 0 0 1 0
 136.182 135.312 2.0 99.0 0 1 0 0 0 0 0 1 0 1
 136.243 50.247 2.0 252.0 0 0 1 0 0 0 1 0 0 0
 136.361 64.7468 2.0 279.0 0 0 1 0 0 0 0 0 0 1
 136.368 149.785 2.0 99.0 1 0 1 0 0 0 1 0 0 0
 136.501 73.3618 2.0 297.0 1 1 0 0 0 0 0 0 0 0
 136.519 43.6163 2.0 207.0 0 0 0 0 0 0 0 0 0 1
 136.572 45.8236 2.0 207.0 1 1 0 0 0 0 0 0 0 0
 136.573 132.843 2.0 99.0 0 1 0 0 0 0 0 1 0 1
 136.588 47.0124 2.0 207.0 0 0 1 0 0 0 0 0 0 1
 136.588 47.0124 2.0 216.0 0 0 1 0 0 0 0 0 0 1
 136.588 47.0124 2.0 225.0 0 0 1 0 0 0 0 0 0 1
 136.73 25.699 2.0 360.0 0 0 1 0 0 0 0 0 0 1
 136.751 74.4713 2.0 288.0 0 1 0 0 0 0 0 0 0 0
 136.751 74.4713 2.0 297.0 0 1 0 0 0 0 0 0 0 0
 136.751 74.4713 2.0 306.0 0 1 0 0 0 0 0 0 0 0
 136.751 74.4713 2.0 315.0 0 1 0 0 0 0 0 0 0 0
 136.751 74.4713 2.0 324.0 0 1 0 0 0 0 0 0 0 0
 136.751 74.4713 2.0 333.0 0 1 0 0 0 0 0 0 0 0
 136.751 74.4713 2.0 342.0 0 1 0 0 0 0 0 0 0 0
 136.753 62.2776 2.0 279.0 0 0 1 0 0 0 0 0 0 1
 136.759 147.316 2.0 99.0 1 0 1 0 0 0 1 0 0 0
 136.811 68.5354 2.0 288.0 0 1 0 0 0 0 0 0 1 0
 136.897 41.5893 2.0 189.0 0 1 0 0 1 0 0 0 0 0
 136.964 130.374 2.0 99.0 0 1 0 0 0 0 0 1 0 1
 136.97 78.964 2.0 297.0 0 1 0 0 0 0 0 0 0 1
 137.015 52.6246 2.0 252.0 0 0 1 0 0 0 1 0 0 0
 137.05 21.0716 2.0 360.0 1 0 0 0 0 0 0 0 0 0
 137.142 72.0021 2.0 279.0 0 1 0 0 0 0 0 0 0 0
 137.144 59.8083 2.0 279.0 0 1 0 0 1 0 0 0 0 0
 137.15 144.846 2.0 99.0 1 0 1 0 0 0 1 0 0 0
 137.205 43.0789 2.0 225.0 0 0 1 1 0 0 0 0 0 0
 137.217 158.662 2.0 18.0 1 0 1 0 0 0 1 0 0 0
 137.217 158.662 2.0 27.0 1 0 1 0 0 0 1 0 0 0
 137.217 158.662 2.0 36.0 1 0 1 0 0 0 1 0 0 0
 137.274 24.5451 2.0 9.0 1 0 1 1 1 0 0 0 0 0
 137.274 25.2113 2.0 9.0 1 0 0 0 0 0 0 0 1 0
 137.355 127.904 2.0 99.0 0 1 0 0 0 0 0 1 0 1
 137.386 158.492 2.0 18.0 0 1 0 0 0 0 0 1 0 1
 137.433 17.5071 2.0 351.0 0 0 1 0 0 0 1 0 0 0
 137.533 69.5329 2.0 279.0 0 1 0 0 0 0 0 0 0 0
 137.535 57.3391 2.0 279.0 0 1 0 0 1 0 0 0 0 0
 137.541 142.377 2.0 99.0 1 0 1 0 0 0 1 0 0 0
 137.583 66.1578 2.0 288.0 0 1 0 0 0 0 0 0 1 0
 137.636 71.1343 2.0 297.0 1 1 0 0 0 0 0 0 0 0
 137.654 41.3888 2.0 207.0 0 1 0 0 1 0 0 0 0 0
 137.703 20.6715 2.0 351.0 1 0 0 1 0 0 0 0 0 1
 137.746 125.435 2.0 99.0 0 1 0 0 0 0 0 1 0 1
 137.788 55.0022 2.0 252.0 0 0 1 0 0 0 1 0 0 0
 137.924 67.0637 2.0 279.0 0 1 0 0 1 0 0 0 0 0
 137.926 54.8699 2.0 279.0 0 1 0 0 1 0 0 0 0 0
 137.932 139.908 2.0 99.0 1 0 1 0 0 0 1 0 0 0
 138.013 78.7786 2.0 90.0 0 0 1 0 0 0 1 0 0 0
 138.105 76.7365 2.0 297.0 0 1 0 0 0 0 0 0 0 1
 138.137 122.966 2.0 99.0 0 1 0 0 0 0 0 1 0 1
 138.315 64.5945 2.0 279.0 0 1 0 0 1 0 0 0 0 0
 138.317 52.4007 2.0 279.0 0 1 0 0 1 0 0 0 0 0
 138.323 137.439 2.0 99.0 1 0 1 0 0 0 1 0 0 0
 138.356 48.7801 2.0 234.0 0 0 1 0 0 0 0 0 0 1
 138.356 48.7801 2.0 243.0 0 0 1 0 0 0 0 0 0 1
 138.356 48.7801 2.0 252.0 0 0 1 0 0 0 0 0 0 1
 138.356 48.7801 2.0 261.0 0 0 1 0 0 0 0 0 0 1
 138.356 48.7801 2.0 270.0 0 0 1 0 0 0 0 0 0 1
 138.356 48.7801 2.0 270.0 0 1 0 0 0 0 0 0 1 0
 138.356 51.2801 2.0 270.0 0 1 0 0 0 0 0 0 1 0
 138.356 53.7801 2.0 270.0 0 1 0 0 0 0 0 0 1 0
 138.356 56.2801 2.0 270.0 0 1 0 0 0 0 0 0 1 0
 138.356 58.7801 2.0 270.0 0 1 0 0 0 0 0 0 1 0
 138.356 61.2801 2.0 270.0 0 1 0 0 0 0 0 0 1 0
 138.356 63.7801 2.0 279.0 0 1 0 0 0 0 0 0 1 0
 138.356 63.7801 2.0 288.0 0 1 0 0 0 0 0 0 1 0
 138.528 120.497 2.0 99.0 0 1 0 0 0 0 0 1 0 1
 138.56 57.3799 2.0 252.0 0 0 1 0 0 0 1 0 0 0
 138.706 62.1252 2.0 279.0 0 1 0 0 1 0 0 0 0 0
 138.708 49.9315 2.0 279.0 0 1 0 0 1 0 0 0 0 0
 138.714 134.97 2.0 99.0 1 0 1 0 0 0 1 0 0 0
 138.771 68.9068 2.0 288.0 1 1 0 0 0 0 0 0 0 0
 138.771 68.9068 2.0 297.0 1 1 0 0 0 0 0 0 0 0
 138.8 46.9586 2.0 216.0 1 1 0 0 0 0 0 0 0 0
 138.8 46.9586 2.0 225.0 1 1 0 0 0 0 0 0 0 0
 138.8 46.9586 2.0 234.0 1 1 0 0 0 0 0 0 0 0
 138.8 46.9586 2.0 243.0 1 1 0 0 0 0 0 0 0 0
 138.8 46.9586 2.0 252.0 1 1 0 0 0 0 0 0 0 0
 138.919 118.028 2.0 99.0 0 1 0 0 0 0 0 1 0 1
 138.973 44.8467 2.0 225.0 0 0 1 1 0 0 0 0 0 0
 139.097 59.656 2.0 279.0 0 1 0 0 1 0 0 0 0 0
 139.099 47.4622 2.0 279.0 0 1 0 0 1 0 0 0 0 0
 139.105 132.5 2.0 99.0 1 0 1 0 0 0 1 0 0 0
 139.162 66.4376 2.0 279.0 1 1 0 0 0 0 0 0 0 0
 139.23 25.699 2.0 360.0 0 0 1 0 0 0 0 0 0 1
 139.24 74.5089 2.0 297.0 0 1 0 0 0 0 0 0 0 1
 139.31 115.558 2.0 108.0 0 1 0 0 0 0 0 1 0 1
 139.333 59.7575 2.0 252.0 0 0 1 0 0 0 1 0 0 0
 139.366 41.9804 2.0 189.0 0 1 0 0 1 0 0 0 0 0
 139.488 57.1868 2.0 279.0 0 1 0 0 1 0 0 0 0 0
 139.49 44.993 2.0 279.0 0 1 0 0 1 0 0 0 0 0
 139.496 130.031 2.0 99.0 1 0 1 0 0 0 1 0 0 0
 139.55 21.0716 2.0 360.0 1 0 0 0 0 0 0 0 0 0
 139.553 63.9684 2.0 279.0 1 1 0 0 0 0 0 0 0 0
 139.572 49.3362 2.0 252.0 1 1 0 0 0 0 0 0 0 0
 139.686 159.053 2.0 9.0 1 0 1 0 0 0 1 0 0 0
 139.743 25.6024 2.0 9.0 1 0 0 0 0 0 0 0 1 0
 139.744 24.9362 2.0 9.0 1 0 1 1 1 0 0 0 0 0
 139.764 159.265 2.0 18.0 0 1 0 0 0 0 0 1 0 1
 139.88 54.7176 2.0 279.0 0 1 0 0 1 0 0 0 0 0
 139.881 42.5238 2.0 216.0 0 1 0 0 1 0 0 0 0 0
 139.881 42.5238 2.0 225.0 0 1 0 0 1 0 0 0 0 0
 139.881 42.5238 2.0 234.0 0 1 0 0 1 0 0 0 0 0
 139.881 42.5238 2.0 243.0 0 1 0 0 1 0 0 0 0 0
 139.881 42.5238 2.0 252.0 0 1 0 0 1 0 0 0 0 0
 139.881 42.5238 2.0 261.0 0 1 0 0 1 0 0 0 0 0
 139.881 42.5238 2.0 270.0 0 1 0 0 1 0 0 0 0 0
 139.881 42.5238 2.0 279.0 0 1 0 0 1 0 0 0 0 0
 139.888 127.562 2.0 99.0 1 0 1 0 0 0 1 0 0 0
 139.902 17.116 2.0 351.0 0 0 1 0 0 0 1 0 0 0
 139.944 61.4992 2.0 279.0 1 1 0 0 0 0 0 0 0 0
 140.028 124.491 2.0 99.0 0 0 1 0 0 0 0 1 0 1
 140.028 126.991 2.0 90.0 0 0 1 0 0 0 0 1 0 1
 140.028 129.491 2.0 90.0 0 0 1 0 0 0 0 1 0 1
 140.028 131.991 2.0 90.0 0 0 1 0 0 0 0 1 0 1
 140.028 134.491 2.0 90.0 0 0 1 0 0 0 0 1 0 1
 140.028 136.991 2.0 90.0 0 0 1 0 0 0 0 1 0 1
 140.028 139.491 2.0 90.0 0 0 1 0 0 0 0 1 0 1
 140.028 141.991 2.0 90.0 0 0 1 0 0 0 0 1 0 1
 140.028 144.491 2.0 90.0 0 0 1 0 0 0 0 1 0 1
 140.028 146.991 2.0 90.0 0 1 0 0 1 0 0 0 0 0
 140.028 149.491 2.0 90.0 0 1 0 0 1 0 0 0 0 0
 140.028 151.991 2.0 90.0 0 1 0 0 1 0 0 0 0 0
 140.028 154.491 2.0 90.0 0 1 0 0 1 0 0 0 0 0
 140.028 156.991 2.0 90.0 0 1 0 0 1 0 0 0 0 0
 140.028 159.491 2.0 90.0 0 1 0 0 1 0 0 0 0 0
 140.028 161.991 2.0 18.0 0 1 0 0 1 0 0 0 0 0
 140.028 161.991 2.0 27.0 0 1 0 0 1 0 0 0 0 0
 140.028 161.991 2.0 36.0 0 1 0 0 1 0 0 0 0 0
 140.028 161.991 2.0 45.0 0 1 0 0 1 0 0 0 0 0
 140.028 161.991 2.0 54.0 0 1 0 0 1 0 0 0 0 0
 140.028 161.991 2.0 63.0 0 1 0 0 1 0 0 0 0 0
 140.028 161.991 2.0 72.0 0 1 0 0 1 0 0 0 0 0
 140.028 161.991 2.0 81.0 0 1 0 0 1 0 0 0 0 0
 140.028 161.991 2.0 90.0 0 1 0 0 1 0 0 0 0 0
 140.083 113.181 2.0 108.0 0 0 1 1 0 0 0 0 0 0
 140.105 62.1352 2.0 252.0 0 0 1 0 0 0 1 0 0 0
 140.172 20.2804 2.0 351.0 1 0 0 1 0 0 0 0 0 1
 140.271 52.2484 2.0 279.0 0 1 0 0 1 0 0 0 0 0
 140.279 125.093 2.0 99.0 1 0 1 0 0 0 1 0 0 0
 140.335 59.0299 2.0 279.0 1 1 0 0 0 0 0 0 0 0
 140.345 51.7139 2.0 252.0 1 1 0 0 0 0 0 0 0 0
 140.375 72.2814 2.0 297.0 0 1 0 0 0 0 0 0 0 1
 140.419 122.022 2.0 99.0 0 0 1 0 0 0 0 1 0 1
 140.513 78.7786 2.0 90.0 0 0 1 0 0 0 1 0 0 0
 140.662 49.7791 2.0 279.0 0 1 0 0 1 0 0 0 0 0
 140.67 122.623 2.0 99.0 1 0 1 0 0 0 1 0 0 0
 140.726 56.5607 2.0 279.0 1 1 0 0 0 0 0 0 0 0
 140.741 46.6145 2.0 225.0 0 0 1 1 0 0 0 0 0 0
 140.81 119.553 2.0 99.0 0 0 1 0 0 0 0 1 0 1
 140.855 110.803 2.0 108.0 0 0 1 1 0 0 0 0 0 0
 140.878 64.5128 2.0 252.0 0 0 1 0 0 0 1 0 0 0
 141.053 47.3099 2.0 279.0 0 1 0 0 1 0 0 0 0 0
 141.061 120.154 2.0 99.0 1 0 1 0 0 0 1 0 0 0
 141.117 54.0915 2.0 261.0 1 1 0 0 0 0 0 0 0 0
 141.117 54.0915 2.0 270.0 1 1 0 0 0 0 0 0 0 0
 141.117 54.0915 2.0 279.0 1 1 0 0 0 0 0 0 0 0
 141.148 69.9038 2.0 288.0 0 1 0 0 0 0 0 0 0 1
 141.201 117.083 2.0 99.0 0 0 1 0 0 0 0 1 0 1
 141.444 44.8407 2.0 279.0 0 1 0 0 1 0 0 0 0 0
 141.452 117.685 2.0 99.0 1 0 1 0 0 0 1 0 0 0
 141.539 67.4346 2.0 279.0 0 1 0 0 0 0 0 0 0 1
 141.592 114.614 2.0 108.0 0 0 1 0 0 0 0 1 0 1
 141.628 108.425 2.0 117.0 0 0 1 1 0 0 0 0 0 0
 141.628 108.425 2.0 126.0 0 0 1 1 0 0 0 0 0 0
 141.628 108.425 2.0 135.0 0 0 1 1 0 0 0 0 0 0
 141.65 66.8904 2.0 252.0 0 0 1 0 0 0 1 0 0 0
 141.73 25.699 2.0 360.0 0 0 1 0 0 0 0 0 0 1
 141.781 108.885 2.0 108.0 0 1 1 0 0 0 0 0 1 0
 141.781 108.885 2.0 117.0 0 1 1 0 0 0 0 0 1 0
 141.781 108.885 2.0 99.0 0 1 1 0 0 0 0 0 1 0
 141.781 111.385 2.0 90.0 0 1 1 0 0 0 0 0 1 0
 141.781 113.885 2.0 90.0 0 1 1 0 0 0 0 0 1 0
 141.781 116.385 2.0 90.0 0 1 1 0 0 0 0 0 1 0
 141.781 118.885 2.0 90.0 0 1 1 0 0 0 0 0 1 0
 141.781 121.385 2.0 90.0 0 1 1 0 0 0 0 0 1 0
 141.781 123.885 2.0 90.0 0 1 1 0 0 0 0 0 1 0
 141.781 126.385 2.0 90.0 0 1 1 0 0 0 0 0 1 0
 141.781 128.885 2.0 90.0 0 1 1 0 0 0 0 0 1 0
 141.781 131.385 2.0 90.0 0 1 1 0 0 0 0 0 1 0
 141.781 133.885 2.0 90.0 0 1 1 0 0 0 0 0 1 0
 141.781 136.385 2.0 90.0 0 1 1 0 0 0 0 0 1 0
 141.781 138.885 2.0 90.0 0 1 1 0 0 0 0 0 1 0
 141.781 141.385 2.0 90.0 0 1 1 0 0 0 0 0 1 0
 141.781 143.885 2.0 90.0 0 1 1 0 0 0 0 0 1 0
 141.781 146.385 2.0 90.0 0 1 1 0 0 0 0 0 1 0
 141.781 148.885 2.0 90.0 0 1 1 0 0 0 0 0 1 0
 141.781 151.385 2.0 90.0 0 1 1 0 0 0 0 0 1 0
 141.835 42.3715 2.0 198.0 0 1 0 0 1 0 0 0 0 0
 141.835 42.3715 2.0 207.0 0 1 0 0 1 0 0 0 0 0
 141.835 42.3715 2.0 216.0 0 1 0 0 1 0 0 0 0 0
 141.835 42.3715 2.0 225.0 0 1 0 0 1 0 0 0 0 0
 141.835 42.3715 2.0 234.0 0 1 0 0 1 0 0 0 0 0
 141.835 42.3715 2.0 243.0 0 1 0 0 1 0 0 0 0 0
 141.835 42.3715 2.0 252.0 0 1 0 0 1 0 0 0 0 0
 141.835 42.3715 2.0 261.0 0 1 0 0 1 0 0 0 0 0
 141.835 42.3715 2.0 270.0 0 1 0 0 1 0 0 0 0 0
 141.835 42.3715 2.0 279.0 0 1 0 0 1 0 0 0 0 0
 141.843 115.216 2.0 99.0 1 0 1 0 0 0 1 0 0 0
 141.93 64.9653 2.0 279.0 0 1 0 0 0 0 0 0 0 1
 141.975 103.278 2.0 108.0 0 0 0 0 0 0 0 0 0 0
 141.975 103.278 2.0 117.0 0 0 0 0 0 0 0 0 0 0
 141.975 103.278 2.0 126.0 0 0 0 0 0 0 0 0 0 0
 141.975 103.278 2.0 135.0 0 0 0 0 0 0 0 0 0 0
 141.975 103.278 2.0 144.0 0 0 0 0 0 0 0 0 0 0
 141.975 103.278 2.0 153.0 0 0 0 0 0 0 0 0 0 0
 141.975 103.278 2.0 162.0 0 0 0 0 0 0 0 0 0 0
 141.975 103.278 2.0 171.0 0 0 0 0 0 0 0 0 0 0
 141.975 103.278 2.0 180.0 0 1 0 0 0 0 0 0 1 0
 141.975 103.278 2.0 189.0 0 1 0 0 0 0 0 0 0 0
 141.975 103.278 2.0 189.0 0 1 0 0 0 0 0 0 1 0
 141.975 103.278 2.0 99.0 0 0 0 0 0 0 0 0 0 0
 141.975 105.778 2.0 90.0 0 0 0 0 0 0 0 0 0 0
 141.975 108.278 2.0 90.0 0 0 0 0 0 0 0 0 0 0
 141.975 110.778 2.0 90.0 0 0 0 0 0 0 0 0 0 0
 141.975 113.278 2.0 90.0 0 0 0 0 0 0 0 0 0 0
 141.975 115.778 2.0 90.0 0 0 0 0 0 0 0 0 0 0
 141.975 118.278 2.0 90.0 0 0 0 0 0 0 0 0 0 0
 141.975 120.778 2.0 90.0 0 0 0 0 0 0 0 0 0 0
 141.975 123.278 2.0 90.0 0 0 0 0 0 0 0 0 0 0
 141.975 125.778 2.0 90.0 0 0 0 0 0 0 0 0 0 0
 141.975 128.278 2.0 90.0 0 0 0 0 0 0 0 0 0 0
 141.975 130.778 2.0 90.0 0 0 0 0 0 0 0 0 0 0
 141.975 133.278 2.0 90.0 0 0 0 0 0 0 0 0 0 0
 141.975 135.778 2.0 90.0 0 0 0 0 0 0 0 0 0 0
 141.975 138.278 2.0 90.0 0 1 0 0 0 0 0 0 0 0
 141.975 140.778 2.0 90.0 0 1 0 0 0 0 0 0 0 0
 141.975 143.278 2.0 90.0 0 1 0 0 0 0 0 0 0 0
 141.975 145.778 2.0 90.0 0 1 0 0 0 0 0 0 0 0
 141.975 148.278 2.0 90.0 0 1 0 0 0 0 0 0 0 0
 141.975 150.778 2.0 90.0 0 1 0 0 0 0 0 0 0 0
 141.975 153.278 2.0 90.0 0 1 0 0 0 0 0 0 0 0
 141.975 155.778 2.0 90.0 0 1 0 0 0 0 0 0 0 0
 141.975 158.278 2.0 90.0 0 1 0 0 0 0 0 0 0 0
 141.975 160.778 2.0 90.0 0 1 0 0 0 0 0 0 0 0
 142.05 21.0716 2.0 360.0 1 0 0 0 0 0 0 0 0 0
 142.141 160.037 2.0 18.0 0 1 0 0 0 0 0 1 0 1
 142.156 159.444 2.0 9.0 1 0 1 0 0 0 1 0 0 0
 142.172 153.854 2.0 63.0 0 0 0 0 0 0 0 0 0 0
 142.172 153.854 2.0 72.0 0 1 1 0 0 0 0 0 1 0
 142.172 153.854 2.0 81.0 0 1 1 0 0 0 0 0 1 0
 142.212 25.9935 2.0 9.0 1 0 0 0 0 0 0 0 1 0
 142.213 25.3273 2.0 9.0 1 0 1 1 1 0 0 0 0 0
 142.234 112.747 2.0 99.0 1 0 1 0 0 0 1 0 0 0
 142.321 62.4961 2.0 279.0 0 1 0 0 0 0 0 0 0 1
 142.364 112.237 2.0 108.0 0 0 1 0 0 0 0 1 0 1
 142.366 100.809 2.0 189.0 0 1 0 0 0 0 0 0 0 0
 142.371 16.7249 2.0 351.0 0 0 1 0 0 0 1 0 0 0
 142.423 69.2681 2.0 252.0 0 0 1 0 0 0 1 0 0 0
 142.497 162.382 2.0 9.0 0 1 0 0 1 0 0 0 0 0
 142.508 48.3822 2.0 225.0 0 0 1 1 0 0 0 0 0 0
 142.625 110.277 2.0 99.0 1 0 1 0 0 0 1 0 0 0
 142.642 19.8894 2.0 351.0 1 0 0 1 0 0 0 0 0 1
 142.642 19.8894 2.0 360.0 1 0 0 1 0 0 0 0 0 1
 142.712 60.0269 2.0 279.0 0 1 0 0 0 0 0 0 0 1
 142.916 106.657 2.0 117.0 0 1 1 0 0 0 0 0 1 0
 143.013 78.7786 2.0 90.0 0 0 1 0 0 0 1 0 0 0
 143.016 107.808 2.0 99.0 1 0 1 0 0 0 1 0 0 0
 143.103 57.5577 2.0 279.0 0 1 0 0 0 0 0 0 0 1
 143.137 109.859 2.0 108.0 0 0 1 0 0 0 0 1 0 1
 143.195 71.6457 2.0 252.0 0 0 1 0 0 0 1 0 0 0
 143.374 111.79 2.0 99.0 0 0 0 0 1 0 0 0 0 0
 143.374 114.29 2.0 90.0 0 0 0 0 1 0 0 0 0 0
 143.374 116.79 2.0 90.0 0 0 0 0 1 0 0 0 0 0
 143.374 119.29 2.0 90.0 0 0 0 0 1 0 0 0 0 0
 143.374 121.79 2.0 90.0 0 0 0 0 1 0 0 0 0 0
 143.374 124.29 2.0 90.0 0 0 0 0 1 0 0 0 0 0
 143.374 126.79 2.0 90.0 0 0 0 0 1 0 0 0 0 0
 143.374 129.29 2.0 90.0 0 0 0 0 1 0 0 0 0 0
 143.374 131.79 2.0 90.0 0 0 0 0 1 0 0 0 0 0
 143.374 134.29 2.0 90.0 0 0 0 0 1 0 0 0 0 0
 143.374 136.79 2.0 90.0 0 0 0 0 1 0 0 0 0 0
 143.374 139.29 2.0 90.0 0 0 0 0 1 0 0 0 0 0
 143.374 141.79 2.0 90.0 0 0 0 0 1 0 0 0 0 0
 143.374 144.29 2.0 90.0 0 0 0 0 1 0 0 0 0 0
 143.374 146.79 2.0 90.0 0 0 0 0 1 0 0 0 0 0
 143.374 149.29 2.0 90.0 0 0 0 0 1 0 0 0 0 0
 143.374 151.79 2.0 63.0 0 0 0 0 1 0 0 0 0 0
 143.374 151.79 2.0 72.0 0 0 0 0 1 0 0 0 0 0
 143.374 151.79 2.0 81.0 0 0 0 0 1 0 0 0 0 0
 143.374 151.79 2.0 90.0 0 0 0 0 1 0 0 0 0 0
 143.396 106.658 2.0 135.0 0 0 1 1 0 0 0 0 0 0
 143.407 105.339 2.0 99.0 1 0 1 0 0 0 1 0 0 0
 143.494 55.0885 2.0 279.0 0 1 0 0 0 0 0 0 0 1
 143.642 155.877 2.0 54.0 0 0 0 0 0 0 0 0 0 0
 143.765 109.321 2.0 99.0 0 0 1 0 0 0 0 1 0 0
 143.798 102.87 2.0 99.0 1 0 1 0 0 0 1 0 0 0
 143.885 52.6192 2.0 279.0 0 1 0 0 0 0 0 0 0 1
 143.909 107.481 2.0 117.0 0 1 1 0 0 0 0 0 0 0
 143.909 107.481 2.0 126.0 0 1 1 0 0 0 0 0 0 0
 143.909 107.481 2.0 135.0 0 1 1 0 0 0 0 0 0 0
 143.909 107.481 2.0 144.0 0 1 1 0 0 0 0 0 0 0
 143.968 74.0234 2.0 252.0 0 0 1 0 0 0 1 0 0 0
 144.051 104.43 2.0 117.0 0 1 1 0 0 0 0 0 1 0
 144.156 106.852 2.0 99.0 0 0 1 0 0 0 0 1 0 0
 144.23 25.699 2.0 360.0 0 0 1 0 0 0 0 0 0 1
 144.276 50.15 2.0 234.0 0 0 1 1 0 0 0 0 0 0
 144.276 50.15 2.0 243.0 0 0 1 1 0 0 0 0 0 0
 144.276 50.15 2.0 252.0 0 0 1 1 0 0 0 0 0 0
 144.276 50.15 2.0 261.0 0 0 1 1 0 0 0 0 0 0
 144.276 50.15 2.0 270.0 0 1 0 0 0 0 0 0 0 1
 144.276 50.15 2.0 279.0 0 1 0 0 0 0 0 0 0 1
 144.475 160.778 2.0 90.0 0 1 0 0 0 0 0 0 0 0
 144.547 104.382 2.0 108.0 0 0 1 0 0 0 0 1 0 0
 144.55 21.0716 2.0 360.0 1 0 0 0 0 0 0 0 0 0
 144.611 160.428 2.0 9.0 0 1 0 0 0 0 0 1 0 1
 144.625 159.835 2.0 9.0 1 0 1 0 0 0 1 0 0 0
 144.682 25.7184 2.0 9.0 1 0 1 1 1 0 0 0 0 0
 144.682 26.3846 2.0 9.0 1 0 0 0 0 0 0 0 1 0
 144.74 76.401 2.0 252.0 0 0 1 0 0 0 1 0 0 0
 144.835 101.2 2.0 189.0 0 1 0 0 0 0 0 0 0 0
 144.841 16.3338 2.0 351.0 0 0 1 0 0 0 1 0 0 0
 144.843 153.813 2.0 45.0 0 0 0 0 1 0 0 0 0 0
 144.843 153.813 2.0 54.0 0 0 0 0 1 0 0 0 0 0
 144.966 162.773 2.0 9.0 0 1 0 0 1 0 0 0 0 0
 145.111 157.899 2.0 36.0 0 0 0 0 0 0 0 0 0 0
 145.111 157.899 2.0 45.0 0 0 0 0 0 0 0 0 0 0
 145.111 157.899 2.0 54.0 0 0 0 0 0 0 0 0 0 0
 145.111 20.2804 2.0 9.0 1 0 0 1 0 0 0 0 0 1
 145.163 104.89 2.0 135.0 0 0 1 1 0 0 0 0 0 0
 145.186 102.202 2.0 117.0 0 1 1 0 0 0 0 0 1 0
 145.32 102.005 2.0 108.0 0 0 1 0 0 0 0 1 0 0
 145.513 78.7786 2.0 108.0 0 0 1 0 0 0 1 0 0 0
 145.513 78.7786 2.0 117.0 0 0 1 0 0 0 1 0 0 0
 145.513 78.7786 2.0 126.0 0 0 1 0 0 0 1 0 0 0
 145.513 78.7786 2.0 135.0 0 0 1 0 0 0 1 0 0 0
 145.513 78.7786 2.0 144.0 0 0 1 0 0 0 1 0 0 0
 145.513 78.7786 2.0 153.0 0 0 1 0 0 0 1 0 0 0
 145.513 78.7786 2.0 162.0 0 0 1 0 0 0 1 0 0 0
 145.513 78.7786 2.0 171.0 0 0 1 0 0 0 1 0 0 0
 145.513 78.7786 2.0 180.0 0 0 1 0 0 0 1 0 0 0
 145.513 78.7786 2.0 189.0 0 0 1 0 0 0 1 0 0 0
 145.513 78.7786 2.0 198.0 0 0 1 0 0 0 1 0 0 0
 145.513 78.7786 2.0 207.0 0 0 1 0 0 0 1 0 0 0
 145.513 78.7786 2.0 216.0 0 0 1 0 0 0 1 0 0 0
 145.513 78.7786 2.0 225.0 0 0 1 0 0 0 1 0 0 0
 145.513 78.7786 2.0 234.0 0 0 1 0 0 0 1 0 0 0
 145.513 78.7786 2.0 243.0 0 0 1 0 0 0 1 0 0 0
 145.513 78.7786 2.0 90.0 0 0 1 0 0 0 1 0 0 0
 145.513 78.7786 2.0 99.0 0 0 1 0 0 0 1 0 0 0
 145.932 106.012 2.0 144.0 0 1 1 0 0 0 0 0 0 0
 146.092 99.6271 2.0 108.0 0 0 1 0 0 0 0 1 0 0
 146.268 103.261 2.0 99.0 1 0 1 0 0 0 1 0 0 0
 146.321 99.9747 2.0 117.0 0 1 1 0 0 0 0 0 1 0
 146.73 25.699 2.0 360.0 0 0 1 0 0 0 0 0 0 1
 146.865 97.2494 2.0 108.0 0 0 1 0 0 0 0 1 0 0
 146.866 155.282 2.0 36.0 0 0 0 0 1 0 0 0 0 0
 146.931 103.122 2.0 135.0 0 1 0 0 1 0 0 0 0 0
 146.975 160.778 2.0 90.0 0 1 0 0 0 0 0 0 0 0
 147.05 21.0716 2.0 360.0 1 0 0 0 0 0 0 0 0 0
 147.08 160.82 2.0 9.0 0 1 0 0 0 0 0 1 0 1
 147.094 160.226 2.0 9.0 1 0 1 0 0 0 1 0 0 0
 147.151 26.1094 2.0 9.0 1 0 1 1 1 0 0 0 0 0
 147.151 26.7757 2.0 9.0 1 0 0 0 0 0 0 0 1 0
 147.304 101.591 2.0 189.0 0 1 0 0 0 0 0 0 0 0
 147.31 15.9427 2.0 351.0 0 0 1 0 0 0 1 0 0 0
 147.339 159.034 2.0 27.0 0 0 0 0 0 0 0 0 0 0
 147.435 163.164 2.0 9.0 0 1 0 0 1 0 0 0 0 0
 147.456 97.7472 2.0 126.0 0 1 1 0 0 0 0 0 1 0
 147.456 97.7472 2.0 135.0 0 1 1 0 0 0 0 0 1 0
 147.58 20.6715 2.0 9.0 1 0 0 1 0 0 0 0 0 1
 147.637 94.8718 2.0 117.0 0 1 0 0 0 0 0 0 1 0
 147.637 94.8718 2.0 126.0 0 1 0 0 0 0 0 0 1 0
 147.637 94.8718 2.0 135.0 0 1 0 0 0 0 0 0 1 0
 147.637 94.8718 2.0 144.0 0 1 0 0 0 0 0 0 1 0
 147.637 94.8718 2.0 153.0 0 1 0 0 0 0 0 0 1 0
 147.955 104.542 2.0 144.0 0 1 1 0 0 0 0 0 0 0
 148.699 101.354 2.0 135.0 0 1 0 0 1 0 0 0 0 0
 148.737 103.652 2.0 99.0 1 0 1 0 0 0 1 0 0 0
 148.888 156.752 2.0 36.0 0 0 0 0 1 0 0 0 0 0
 149.224 95.9794 2.0 135.0 0 1 1 0 0 0 0 0 1 0
 149.23 25.699 2.0 360.0 0 0 1 0 0 0 0 0 0 1
 149.475 160.778 2.0 90.0 0 1 0 0 0 0 0 0 0 0
 149.549 161.211 2.0 9.0 0 1 0 0 0 0 0 1 0 1
 149.55 21.0716 2.0 360.0 1 0 0 0 0 0 0 0 0 0
 149.563 160.617 2.0 9.0 1 0 1 0 0 0 1 0 0 0
 149.566 160.169 2.0 27.0 0 0 0 0 0 0 0 0 0 0
 149.62 26.5005 2.0 9.0 1 0 1 1 1 0 0 0 0 0
 149.62 27.1668 2.0 9.0 1 0 0 0 0 0 0 0 1 0
 149.774 101.982 2.0 189.0 0 1 0 0 0 0 0 0 0 0
 149.779 15.5517 2.0 351.0 0 0 1 0 0 0 1 0 0 0
 149.865 93.7368 2.0 153.0 0 1 0 0 0 0 0 0 1 0
 149.904 163.555 2.0 9.0 0 1 0 0 1 0 0 0 0 0
 149.977 103.073 2.0 144.0 0 1 1 0 0 0 0 0 0 0
 150.011 24.6975 2.0 9.0 1 0 0 0 0 0 0 0 1 0
 150.049 21.0626 2.0 9.0 1 0 0 1 0 0 0 0 0 1
 150.165 99.5129 2.0 189.0 0 1 0 0 0 0 0 0 0 0
 150.467 99.5865 2.0 135.0 0 1 0 0 1 0 0 0 0 0
 150.992 94.2116 2.0 135.0 0 1 1 0 0 0 0 0 1 0
 151.116 157.886 2.0 27.0 0 0 0 0 1 0 0 0 0 0
 151.206 104.043 2.0 99.0 1 0 1 0 0 0 1 0 0 0
 151.73 25.699 2.0 360.0 0 0 1 0 0 0 0 0 0 1
 151.794 161.304 2.0 27.0 0 0 0 0 0 0 0 0 0 0
 151.975 160.778 2.0 90.0 0 1 0 0 0 0 0 0 0 0
 152.0 101.603 2.0 144.0 0 1 1 0 0 0 0 0 0 0
 152.018 161.602 2.0 9.0 0 1 0 0 0 0 0 1 0 1
 152.032 161.009 2.0 9.0 1 0 1 0 0 0 1 0 0 0
 152.05 21.0716 2.0 18.0 1 0 0 0 0 0 0 0 0 0
 152.05 21.0716 2.0 27.0 1 0 0 0 0 0 0 0 0 0
 152.05 21.0716 2.0 36.0 1 0 0 0 0 0 0 0 0 0
 152.05 21.0716 2.0 360.0 1 0 0 0 0 0 0 0 0 0
 152.05 21.0716 2.0 9.0 1 0 0 0 0 0 0 0 0 0
 152.09 26.8916 2.0 9.0 1 0 1 1 1 0 0 0 0 0
 152.092 92.6018 2.0 153.0 0 1 0 0 0 0 0 0 1 0
 152.234 97.8188 2.0 135.0 0 1 0 0 1 0 0 0 0 0
 152.248 15.1606 2.0 351.0 0 0 1 0 0 0 1 0 0 0
 152.374 163.946 2.0 9.0 0 1 0 0 1 0 0 0 0 0
 152.48 25.0886 2.0 9.0 1 0 0 0 0 0 0 0 1 0
 152.519 21.4537 2.0 9.0 1 0 0 1 0 0 0 0 0 1
 152.603 40.295 2.0 99.0 0 0 1 0 0 0 0 0 0 0
 152.603 42.795 2.0 90.0 0 0 1 0 0 0 0 0 0 0
 152.634 99.9039 2.0 189.0 0 1 0 0 0 0 0 0 0 0
 152.759 92.4439 2.0 135.0 0 1 1 0 0 0 0 0 1 0
 152.994 37.8258 2.0 99.0 0 0 1 0 0 0 0 0 0 0
 153.385 35.3566 2.0 99.0 0 0 1 0 0 0 0 0 0 0
 153.675 104.434 2.0 99.0 1 0 1 0 0 0 1 0 0 0
 153.776 32.8874 2.0 99.0 0 0 1 0 0 0 0 0 0 0
 153.818 22.8394 2.0 45.0 1 0 0 0 0 0 0 0 0 0
 154.002 96.051 2.0 135.0 0 1 0 0 1 0 0 0 0 0
 154.022 100.134 2.0 108.0 0 1 1 0 0 0 0 0 0 0
 154.022 100.134 2.0 117.0 0 1 1 0 0 0 0 0 0 0
 154.022 100.134 2.0 126.0 0 1 1 0 0 0 0 0 0 0
 154.022 100.134 2.0 135.0 0 1 1 0 0 0 0 0 0 0
 154.022 100.134 2.0 90.0 0 1 1 0 0 0 0 0 0 0
 154.022 100.134 2.0 90.0 1 0 0 0 1 0 0 0 0 0
 154.022 100.134 2.0 99.0 0 1 1 0 0 0 0 0 0 0
 154.022 62.6339 2.0 99.0 1 0 0 0 0 0 0 0 0 0
 154.022 65.1339 2.0 90.0 1 0 0 0 0 0 0 0 0 0
 154.022 67.6339 2.0 90.0 1 0 0 0 0 0 0 0 0 0
 154.022 70.1339 2.0 90.0 1 0 0 0 0 0 0 0 0 0
 154.022 72.6339 2.0 90.0 1 0 0 0 0 0 0 0 0 0
 154.022 75.1339 2.0 90.0 1 0 0 0 0 0 0 0 0 0
 154.022 77.6339 2.0 90.0 1 0 0 0 0 0 0 0 0 0
 154.022 80.1339 2.0 90.0 1 0 0 0 0 0 0 0 0 0
 154.022 82.6339 2.0 90.0 1 0 0 0 0 0 0 0 0 0
 154.022 85.1339 2.0 90.0 1 0 0 0 1 0 0 0 0 0
 154.022 87.6339 2.0 90.0 1 0 0 0 1 0 0 0 0 0
 154.022 90.1339 2.0 90.0 1 0 0 0 1 0 0 0 0 0
 154.022 92.6339 2.0 90.0 1 0 0 0 1 0 0 0 0 0
 154.022 95.1339 2.0 90.0 1 0 0 0 1 0 0 0 0 0
 154.022 97.6339 2.0 90.0 1 0 0 0 1 0 0 0 0 0
 154.066 101.965 2.0 99.0 1 0 1 0 0 0 1 0 0 0
 154.167 30.4181 2.0 99.0 0 0 1 0 0 0 0 0 0 0
 154.23 25.699 2.0 18.0 0 0 1 0 0 0 0 0 0 1
 154.23 25.699 2.0 27.0 0 0 1 0 0 0 0 0 0 1
 154.23 25.699 2.0 36.0 0 0 1 0 0 0 0 0 0 1
 154.23 25.699 2.0 360.0 0 0 1 0 0 0 0 0 0 1
 154.23 25.699 2.0 45.0 0 0 1 0 0 0 0 0 0 1
 154.23 25.699 2.0 54.0 0 0 1 0 0 0 0 0 0 1
 154.23 25.699 2.0 63.0 0 0 1 0 0 0 0 0 0 1
 154.23 25.699 2.0 9.0 0 0 1 0 0 0 0 0 0 1
 154.32 91.4669 2.0 153.0 0 1 0 0 0 0 0 0 1 0
 154.413 60.1647 2.0 99.0 1 0 0 0 0 0 0 0 0 0
 154.457 99.4956 2.0 99.0 1 0 1 0 0 0 1 0 0 0
 154.527 90.6761 2.0 135.0 0 1 1 0 0 0 0 0 1 0
 154.558 27.9489 2.0 18.0 1 0 0 0 0 0 0 0 1 0
 154.558 27.9489 2.0 27.0 1 0 0 0 0 0 0 0 1 0
 154.558 27.9489 2.0 36.0 1 0 0 0 0 0 0 0 1 0
 154.558 27.9489 2.0 45.0 1 0 0 0 0 0 0 0 1 0
 154.558 27.9489 2.0 54.0 0 0 1 0 0 0 0 0 0 0
 154.558 27.9489 2.0 63.0 0 0 1 0 0 0 0 0 0 0
 154.558 27.9489 2.0 72.0 0 0 1 0 0 0 0 0 0 0
 154.558 27.9489 2.0 81.0 0 0 1 0 0 0 0 0 0 0
 154.558 27.9489 2.0 9.0 1 0 0 0 0 0 0 0 1 0
 154.558 27.9489 2.0 90.0 0 0 1 0 0 0 0 0 0 0
 154.559 27.2827 2.0 9.0 1 0 1 1 1 0 0 0 0 0
 154.718 14.7695 2.0 351.0 0 0 1 0 0 0 1 0 0 0
 154.804 57.6955 2.0 99.0 1 0 0 0 0 0 0 0 0 0
 154.848 97.0263 2.0 99.0 1 0 1 0 0 0 1 0 0 0
 154.95 25.4797 2.0 9.0 1 0 0 0 0 0 0 0 1 0
 154.988 21.8448 2.0 18.0 0 0 0 1 0 0 0 0 0 0
 154.988 21.8448 2.0 27.0 0 0 0 1 0 0 0 0 0 0
 154.988 21.8448 2.0 36.0 0 0 0 1 0 0 0 0 0 0
 154.988 21.8448 2.0 45.0 0 0 0 1 0 0 0 0 0 0
 154.988 21.8448 2.0 54.0 0 0 0 1 0 0 0 0 0 0
 154.988 21.8448 2.0 63.0 0 0 0 1 0 0 0 0 0 0
 154.988 21.8448 2.0 72.0 0 0 0 1 0 0 0 0 0 0
 154.988 21.8448 2.0 9.0 1 0 0 1 0 0 0 0 0 1
 155.002 28.0766 2.0 72.0 0 0 1 0 0 0 0 0 0 1
 155.103 100.295 2.0 108.0 1 0 0 0 0 0 0 0 1 0
 155.103 100.295 2.0 117.0 1 0 0 0 0 0 0 0 1 0
 155.103 100.295 2.0 126.0 1 0 0 0 0 0 0 0 1 0
 155.103 100.295 2.0 135.0 1 0 0 0 0 0 0 0 1 0
 155.103 100.295 2.0 144.0 0 1 0 0 0 0 0 0 0 0
 155.103 100.295 2.0 153.0 0 1 0 0 0 0 0 0 0 0
 155.103 100.295 2.0 162.0 0 1 0 0 0 0 0 0 0 0
 155.103 100.295 2.0 171.0 0 1 0 0 0 0 0 0 0 0
 155.103 100.295 2.0 180.0 0 1 0 0 0 0 0 0 0 0
 155.103 100.295 2.0 90.0 1 0 0 0 0 0 0 0 1 0
 155.103 100.295 2.0 99.0 1 0 0 0 0 0 0 0 1 0
 155.103 42.795 2.0 90.0 0 0 1 0 0 0 0 0 0 0
 155.103 45.295 2.0 90.0 0 0 1 0 0 0 0 0 0 0
 155.103 47.795 2.0 90.0 0 0 1 0 0 0 0 0 0 0
 155.103 50.295 2.0 90.0 0 0 1 0 0 0 0 0 0 0
 155.103 52.795 2.0 90.0 0 0 1 0 0 0 0 0 0 0
 155.103 55.295 2.0 90.0 1 0 0 0 0 0 0 0 1 0
 155.103 57.795 2.0 90.0 1 0 0 0 0 0 0 0 1 0
 155.103 60.295 2.0 90.0 1 0 0 0 0 0 0 0 1 0
 155.103 62.795 2.0 90.0 1 0 0 0 0 0 0 0 1 0
 155.103 65.295 2.0 90.0 1 0 0 0 0 0 0 0 1 0
 155.103 67.795 2.0 90.0 1 0 0 0 0 0 0 0 1 0
 155.103 70.295 2.0 90.0 1 0 0 0 0 0 0 0 1 0
 155.103 72.795 2.0 90.0 1 0 0 0 0 0 0 0 1 0
 155.103 75.295 2.0 90.0 1 0 0 0 0 0 0 0 1 0
 155.103 77.795 2.0 90.0 1 0 0 0 0 0 0 0 1 0
 155.103 80.295 2.0 90.0 1 0 0 0 0 0 0 0 1 0
 155.103 82.795 2.0 90.0 1 0 0 0 0 0 0 0 1 0
 155.103 85.295 2.0 90.0 1 0 0 0 0 0 0 0 1 0
 155.103 87.795 2.0 90.0 1 0 0 0 0 0 0 0 1 0
 155.103 90.295 2.0 90.0 1 0 0 0 0 0 0 0 1 0
 155.103 92.795 2.0 90.0 1 0 0 0 0 0 0 0 1 0
 155.103 95.295 2.0 90.0 1 0 0 0 0 0 0 0 1 0
 155.103 97.795 2.0 90.0 1 0 0 0 0 0 0 0 1 0
 155.195 55.2263 2.0 99.0 1 0 0 0 0 0 0 0 0 0
 155.24 94.5571 2.0 99.0 1 0 1 0 0 0 1 0 0 0
 155.379 24.314 2.0 81.0 0 0 0 1 0 0 0 0 0 0
 155.586 24.6072 2.0 45.0 1 0 0 0 0 0 0 0 0 0
 155.586 52.7571 2.0 99.0 1 0 0 0 0 0 0 0 0 0
 155.631 92.0879 2.0 99.0 1 0 1 0 0 0 1 0 0 0
 155.77 26.7832 2.0 81.0 0 0 0 1 0 0 0 0 0 0
 155.77 29.2832 2.0 90.0 0 0 0 1 0 0 0 0 0 0
 155.77 31.7832 2.0 90.0 0 0 0 1 0 0 0 0 0 0
 155.77 34.2832 2.0 90.0 0 0 0 1 0 0 0 0 0 0
 155.77 36.7832 2.0 90.0 1 0 0 0 0 0 0 0 0 0
 155.77 39.2832 2.0 90.0 1 0 0 0 0 0 0 0 0 0
 155.77 41.7832 2.0 90.0 1 0 0 0 0 0 0 0 0 0
 155.77 44.2832 2.0 90.0 1 0 0 0 0 0 0 0 0 0
 155.77 46.7832 2.0 90.0 1 0 0 0 0 0 0 0 0 0
 155.77 49.2832 2.0 90.0 1 0 0 0 0 0 0 0 0 0
 155.77 51.7832 2.0 90.0 1 0 0 0 0 0 0 0 0 0
 155.77 54.2832 2.0 90.0 1 0 0 0 0 0 0 0 0 0
 155.77 56.7832 2.0 90.0 1 0 0 0 0 0 0 0 0 0
 155.77 59.2832 2.0 90.0 1 0 0 0 0 0 0 0 0 0
 155.77 61.7832 2.0 90.0 1 0 0 0 0 0 0 0 0 0
 155.77 64.2832 2.0 90.0 1 0 0 0 0 0 0 0 0 0
 155.77 66.7832 2.0 90.0 1 0 0 0 0 0 0 0 0 0
 155.77 69.2832 2.0 90.0 1 0 0 0 0 0 0 0 0 0
 155.77 71.7832 2.0 90.0 1 0 0 0 0 0 0 0 0 0
 155.77 74.2832 2.0 90.0 1 0 0 0 0 0 0 0 0 0
 155.77 76.7832 2.0 90.0 1 0 0 0 0 0 0 0 0 0
 155.77 79.2832 2.0 90.0 1 0 0 0 0 0 0 0 0 0
 155.77 81.7832 2.0 90.0 1 0 0 0 0 0 0 0 0 0
 155.77 84.2832 2.0 90.0 1 0 0 0 0 0 0 0 0 0
 155.77 86.7832 2.0 90.0 1 0 0 0 0 0 0 0 0 0
 155.77 89.2832 2.0 90.0 1 0 0 0 0 0 0 0 0 0
 155.77 91.7832 2.0 90.0 1 0 0 0 0 0 0 0 0 0
 155.77 94.2832 2.0 108.0 0 1 0 0 1 0 0 0 0 0
 155.77 94.2832 2.0 117.0 0 1 0 0 1 0 0 0 0 0
 155.77 94.2832 2.0 126.0 0 1 0 0 1 0 0 0 0 0
 155.77 94.2832 2.0 90.0 0 1 0 0 1 0 0 0 0 0
 155.77 94.2832 2.0 90.0 1 0 0 0 0 0 0 0 0 0
 155.77 94.2832 2.0 99.0 0 1 0 0 1 0 0 0 0 0
 155.775 30.4542 2.0 72.0 0 0 1 0 0 0 0 0 0 1
 155.978 50.2879 2.0 99.0 1 0 0 0 0 0 0 0 0 0
 156.022 89.6187 2.0 99.0 1 0 1 0 0 0 1 0 0 0
 156.295 88.9083 2.0 135.0 0 1 1 0 0 0 0 0 1 0
 156.369 47.8186 2.0 99.0 1 0 0 0 0 0 0 0 0 0
 156.413 87.1494 2.0 99.0 1 0 1 0 0 0 1 0 0 0
 156.547 32.8319 2.0 72.0 0 0 1 0 0 0 0 0 0 1
 156.547 32.8319 2.0 81.0 0 0 1 0 0 0 0 0 0 1
 156.547 35.3319 2.0 90.0 0 0 1 0 0 0 0 0 0 1
 156.547 37.8319 2.0 90.0 0 0 1 0 0 0 0 0 0 1
 156.547 40.3319 2.0 90.0 0 0 1 0 0 0 0 0 0 1
 156.547 42.8319 2.0 90.0 0 0 1 0 0 0 0 0 0 1
 156.547 45.3319 2.0 90.0 0 0 1 0 0 0 0 0 0 1
 156.547 47.8319 2.0 90.0 0 0 1 0 0 0 0 0 0 1
 156.547 50.3319 2.0 90.0 0 0 1 0 0 0 0 0 0 1
 156.547 52.8319 2.0 90.0 0 0 1 0 0 0 0 0 0 1
 156.547 55.3319 2.0 90.0 0 0 1 0 0 0 0 0 0 1
 156.547 57.8319 2.0 90.0 0 0 1 0 0 0 0 0 0 1
 156.547 60.3319 2.0 90.0 0 0 1 0 0 0 0 0 0 1
 156.547 62.8319 2.0 90.0 0 0 1 0 0 0 0 0 0 1
 156.547 65.3319 2.0 90.0 0 0 1 0 0 0 0 0 0 1
 156.547 67.8319 2.0 90.0 0 0 1 0 0 0 0 0 0 1
 156.547 70.3319 2.0 90.0 0 0 1 0 0 0 0 0 0 1
 156.547 72.8319 2.0 90.0 0 0 1 0 0 0 0 0 0 1
 156.547 75.3319 2.0 90.0 0 0 1 0 0 0 0 0 0 1
 156.547 77.8319 2.0 90.0 0 0 1 0 0 0 0 0 0 1
 156.547 80.3319 2.0 90.0 0 0 1 0 0 0 0 0 0 1
 156.547 82.8319 2.0 90.0 0 0 1 0 0 0 0 0 0 1
 156.547 85.3319 2.0 90.0 0 0 1 0 0 0 0 0 0 1
 156.547 87.8319 2.0 90.0 0 0 1 0 0 0 0 0 0 1
 156.547 90.3319 2.0 108.0 0 0 1 0 0 0 0 0 0 1
 156.547 90.3319 2.0 117.0 0 0 1 0 0 0 0 0 0 1
 156.547 90.3319 2.0 126.0 0 0 1 0 0 0 0 0 0 1
 156.547 90.3319 2.0 135.0 0 1 0 0 0 0 0 0 1 0
 156.547 90.3319 2.0 144.0 0 1 0 0 0 0 0 0 1 0
 156.547 90.3319 2.0 90.0 0 0 1 0 0 0 0 0 0 1
 156.547 90.3319 2.0 99.0 0 0 1 0 0 0 0 0 0 1
 156.76 45.3494 2.0 99.0 1 0 0 0 0 0 0 0 0 0
 156.804 84.6802 2.0 99.0 1 0 1 0 0 0 1 0 0 0
 157.028 27.6738 2.0 9.0 1 0 0 0 0 0 0 0 0 0
 157.151 42.8802 2.0 99.0 1 0 0 0 0 0 0 0 0 0
 157.187 14.3784 2.0 351.0 0 0 1 0 0 0 1 0 0 0
 157.195 82.211 2.0 99.0 1 0 1 0 0 0 1 0 0 0
 157.353 26.3749 2.0 45.0 1 0 0 0 0 0 0 0 0 0
 157.542 40.411 2.0 99.0 1 0 0 0 0 0 0 0 0 0
 157.586 79.7418 2.0 99.0 1 0 1 0 0 0 1 0 0 0
 157.732 46.8597 2.0 99.0 1 0 1 0 0 0 1 0 0 0
 157.854 62.0661 2.0 99.0 1 0 1 0 0 0 1 0 0 0
 157.933 37.9418 2.0 99.0 1 0 0 0 0 0 0 0 0 0
 157.977 77.2725 2.0 99.0 1 0 1 0 0 0 1 0 0 0
 158.063 87.1406 2.0 117.0 0 1 1 0 0 0 0 0 1 0
 158.063 87.1406 2.0 126.0 0 1 1 0 0 0 0 0 1 0
 158.123 44.3905 2.0 99.0 1 0 1 0 0 0 1 0 0 0
 158.245 59.5969 2.0 99.0 1 0 1 0 0 0 1 0 0 0
 158.324 35.4725 2.0 99.0 1 0 0 0 0 0 0 0 0 0
 158.368 74.8033 2.0 99.0 1 0 1 0 0 0 1 0 0 0
 158.514 41.9213 2.0 99.0 1 0 1 0 0 0 1 0 0 0
 158.637 57.1277 2.0 99.0 1 0 1 0 0 0 1 0 0 0
 158.715 33.0033 2.0 99.0 1 0 0 0 0 0 0 0 0 0
 158.759 72.3341 2.0 99.0 1 0 1 0 0 0 1 0 0 0
 158.905 39.4521 2.0 99.0 1 0 1 0 0 0 1 0 0 0
 159.028 54.6585 2.0 99.0 1 0 1 0 0 0 1 0 0 0
 159.106 30.5341 2.0 99.0 1 0 0 0 0 0 0 0 0 0
 159.121 28.1427 2.0 45.0 1 0 0 0 0 0 0 0 0 0
 159.121 28.1427 2.0 54.0 1 0 0 0 0 0 0 0 0 0
 159.121 28.1427 2.0 63.0 1 0 0 0 0 0 0 0 0 0
 159.121 28.1427 2.0 72.0 1 1 0 0 0 0 0 0 0 0
 159.15 69.8649 2.0 99.0 1 0 1 0 0 0 1 0 0 0
 159.198 84.9131 2.0 117.0 0 1 1 0 0 0 0 0 1 0
 159.296 36.9828 2.0 99.0 1 0 1 0 0 0 1 0 0 0
 159.419 52.1892 2.0 99.0 1 0 1 0 0 0 1 0 0 0
 159.497 28.0649 2.0 18.0 1 0 0 0 0 0 0 0 0 0
 159.497 28.0649 2.0 27.0 1 0 0 0 0 0 0 0 0 0
 159.497 28.0649 2.0 36.0 1 0 0 0 0 0 0 0 0 0
 159.497 28.0649 2.0 45.0 1 0 0 0 0 0 0 0 0 0
 159.497 28.0649 2.0 54.0 1 0 0 0 0 0 0 0 0 0
 159.497 28.0649 2.0 63.0 1 0 0 0 0 0 0 0 0 0
 159.497 28.0649 2.0 72.0 1 0 0 0 0 0 0 0 0 0
 159.497 28.0649 2.0 81.0 1 0 0 0 0 0 0 0 0 0
 159.497 28.0649 2.0 9.0 1 0 0 0 0 0 0 0 0 0
 159.497 28.0649 2.0 90.0 1 0 0 0 0 0 0 0 0 0
 159.512 30.6119 2.0 81.0 1 1 0 0 0 0 0 0 0 0
 159.541 67.3957 2.0 99.0 1 0 1 0 0 0 1 0 0 0
 159.656 13.9873 2.0 351.0 0 0 1 0 0 0 1 0 0 0
 159.687 34.5136 2.0 99.0 1 0 1 0 0 0 1 0 0 0
 159.81 49.72 2.0 99.0 1 0 1 0 0 0 1 0 0 0
 159.903 33.0811 2.0 81.0 1 1 0 0 0 0 0 0 0 0
 159.933 64.9264 2.0 99.0 1 0 1 0 0 0 1 0 0 0
 160.047 16.4565 2.0 18.0 0 0 1 0 0 0 1 0 0 0
 160.047 16.4565 2.0 27.0 0 0 1 0 0 0 1 0 0 0
 160.047 16.4565 2.0 351.0 0 0 1 0 0 0 1 0 0 0
 160.047 16.4565 2.0 36.0 0 0 1 0 0 0 1 0 0 0
 160.047 16.4565 2.0 360.0 0 0 1 0 0 0 1 0 0 0
 160.047 16.4565 2.0 45.0 0 0 1 0 0 0 1 0 0 0
 160.047 16.4565 2.0 54.0 0 0 1 0 0 0 1 0 0 0
 160.047 16.4565 2.0 63.0 0 0 1 0 0 0 1 0 0 0
 160.047 16.4565 2.0 72.0 0 0 1 0 0 0 1 0 0 0
 160.047 16.4565 2.0 81.0 0 0 1 0 0 0 1 0 0 0
 160.047 16.4565 2.0 9.0 0 0 1 0 0 0 1 0 0 0
 160.047 16.4565 2.0 90.0 0 0 1 0 0 0 1 0 0 0
 160.047 16.4565 2.0 99.0 0 0 1 0 0 0 1 0 0 0
 160.078 32.0444 2.0 99.0 1 0 1 0 0 0 1 0 0 0
 160.201 47.2508 2.0 99.0 1 0 1 0 0 0 1 0 0 0
 160.294 35.5504 2.0 81.0 1 1 0 0 0 0 0 0 0 0
 160.324 62.4572 2.0 99.0 1 0 1 0 0 0 1 0 0 0
 160.333 82.6855 2.0 117.0 0 1 1 0 0 0 0 0 1 0
 160.469 29.5752 2.0 99.0 1 0 1 0 0 0 1 0 0 0
 160.686 38.0196 2.0 81.0 1 1 0 0 0 0 0 0 0 0
 160.86 27.106 2.0 99.0 1 0 1 0 0 0 1 0 0 0
 161.077 40.4888 2.0 81.0 1 1 0 0 0 0 0 0 0 0
 161.251 24.6367 2.0 99.0 1 0 1 0 0 0 1 0 0 0
 161.468 42.958 2.0 81.0 1 1 0 0 0 0 0 0 0 0
 161.468 45.458 2.0 90.0 1 1 0 0 0 0 0 0 0 0
 161.468 47.958 2.0 90.0 1 1 0 0 0 0 0 0 0 0
 161.468 50.458 2.0 90.0 1 1 0 0 0 0 0 0 0 0
 161.468 52.958 2.0 90.0 1 1 0 0 0 0 0 0 0 0
 161.468 55.458 2.0 90.0 1 1 0 0 0 0 0 0 0 0
 161.468 57.958 2.0 90.0 1 1 0 0 0 0 0 0 0 0
 161.468 60.458 2.0 90.0 1 1 0 0 0 0 0 0 0 0
 161.468 62.958 2.0 90.0 1 1 0 0 0 0 0 0 0 0
 161.468 65.458 2.0 90.0 1 1 0 0 0 0 0 0 0 0
 161.468 67.958 2.0 90.0 0 1 1 0 0 0 0 0 1 0
 161.468 70.458 2.0 90.0 0 1 1 0 0 0 0 0 1 0
 161.468 72.958 2.0 90.0 0 1 1 0 0 0 0 0 1 0
 161.468 75.458 2.0 90.0 0 1 1 0 0 0 0 0 1 0
 161.468 77.958 2.0 90.0 0 1 1 0 0 0 0 0 1 0
 161.468 80.458 2.0 108.0 0 1 1 0 0 0 0 0 1 0
 161.468 80.458 2.0 90.0 0 1 1 0 0 0 0 0 1 0
 161.468 80.458 2.0 99.0 0 1 1 0 0 0 0 0 1 0
 161.643 22.1675 2.0 99.0 0 0 1 0 0 0 1 0 0 0
 162.034 19.6983 2.0 99.0 0 0 1 0 0 0 1 0 0 0
 162.425 17.2291 2.0 108.0 0 0 1 0 0 0 1 0 0 0
